reg_id	date	day	init_I0	init_H0	obs_id	obs	isolation	popsize	ascertainement	IDname	timesinceconf	spline1	spline2
REG-11	2020-03-02	0	34	0	1	25	0	12278210	0.0431010769979476	IDF	0	0	0
REG-11	2020-03-03	1	34	0	1	3	0	12278210	0.0431010769979476	IDF	0	0.0476896119979971	-0.0297695643500602
REG-11	2020-03-04	2	34	0	1	18	0	12278210	0.0431010769979476	IDF	0	0.0950834135245003	-0.0591355882633083
REG-11	2020-03-05	3	34	0	1	21	0	12278210	0.0431010769979476	IDF	0	0.141885594108015	-0.0876945313029323
REG-11	2020-03-06	4	34	0	1	13	0	12278210	0.0431010769979476	IDF	0	0.187800343277048	-0.11504285303212
REG-11	2020-03-07	5	34	0	1	15	0	12278210	0.0431010769979476	IDF	0	0.232531850560105	-0.14077701301406
REG-11	2020-03-08	6	34	0	1	0	0	12278210	0.0431010769979476	IDF	0	0.275784305485692	-0.164493470811939
REG-11	2020-03-09	7	34	0	1	0	0	12278210	0.0431010769979476	IDF	0	0.317261897582315	-0.185788685988947
REG-11	2020-03-10	8	34	0	1	230	0	12278210	0.0431010769979476	IDF	0	0.356668816378479	-0.20425911810827
REG-11	2020-03-11	9	34	0	1	158	0	12278210	0.0431010769979476	IDF	0	0.393709251402692	-0.219501226733096
REG-11	2020-03-12	10	34	0	1	85	0	12278210	0.0431010769979476	IDF	0	0.428087392183458	-0.231111471426614
REG-11	2020-03-13	11	34	0	1	144	0	12278210	0.0431010769979476	IDF	0	0.459507428249284	-0.238686311752012
REG-11	2020-03-14	12	34	0	1	228	0	12278210	0.0431010769979476	IDF	0	0.487673549128675	-0.241822207272477
REG-11	2020-03-15	13	34	0	1	260	0	12278210	0.0431010769979476	IDF	0	0.512289944350139	-0.240115617551198
REG-11	2020-03-16	14	34	0	1	553	0	12278210	0.0431010769979476	IDF	0	0.53306080344218	-0.233163002151362
REG-11	2020-03-17	15	34	0	1	415	0	12278210	0.0431010769979476	IDF	0	0.549772485508719	-0.220672915201939
REG-11	2020-03-18	16	34	0	1	516	1	12278210	0.0431010769979476	IDF	1	0.562540027955339	-0.202802289095022
REG-11	2020-03-19	17	34	0	1	691	1	12278210	0.0431010769979476	IDF	2	0.571560637763034	-0.179820150788485
REG-11	2020-03-20	18	34	0	1	434	1	12278210	0.0431010769979476	IDF	3	0.577031521912801	-0.151995527240204
REG-11	2020-03-21	19	34	0	1	877	1	12278210	0.0431010769979476	IDF	4	0.579149887385636	-0.119597445408053
REG-11	2020-03-22	20	34	0	1	588	1	12278210	0.0431010769979476	IDF	5	0.578112941162534	-0.0828949322499075
REG-11	2020-03-23	21	34	0	1	928	1	12278210	0.0431010769979476	IDF	6	0.574117890224492	-0.042157014723641
REG-11	2020-03-24	22	34	0	1	587	1	12278210	0.0431010769979476	IDF	7	0.567361941552506	0.00234728021287112
REG-11	2020-03-25	23	34	0	1	862	1	12278210	0.0431010769979476	IDF	8	0.558042302127572	0.0503489256017543
REG-11	2020-03-03	1	34	0	2	6	0	12278210	0.0431010769979476	IDF	0	0.0476896119979971	-0.0297695643500602
REG-11	2020-03-04	2	34	0	2	11	0	12278210	0.0431010769979476	IDF	0	0.0950834135245003	-0.0591355882633083
REG-11	2020-03-05	3	34	0	2	14	0	12278210	0.0431010769979476	IDF	0	0.141885594108015	-0.0876945313029323
REG-11	2020-03-06	4	34	0	2	22	0	12278210	0.0431010769979476	IDF	0	0.187800343277048	-0.11504285303212
REG-11	2020-03-07	5	34	0	2	17	0	12278210	0.0431010769979476	IDF	0	0.232531850560105	-0.14077701301406
REG-11	2020-03-08	6	34	0	2	19	0	12278210	0.0431010769979476	IDF	0	0.275784305485692	-0.164493470811939
REG-11	2020-03-09	7	34	0	2	48	0	12278210	0.0431010769979476	IDF	0	0.317261897582315	-0.185788685988947
REG-11	2020-03-10	8	34	0	2	52	0	12278210	0.0431010769979476	IDF	0	0.356668816378479	-0.20425911810827
REG-11	2020-03-11	9	34	0	2	55	0	12278210	0.0431010769979476	IDF	0	0.393709251402692	-0.219501226733096
REG-11	2020-03-12	10	34	0	2	88	0	12278210	0.0431010769979476	IDF	0	0.428087392183458	-0.231111471426614
REG-11	2020-03-13	11	34	0	2	101	0	12278210	0.0431010769979476	IDF	0	0.459507428249284	-0.238686311752012
REG-11	2020-03-14	12	34	0	2	87	0	12278210	0.0431010769979476	IDF	0	0.487673549128675	-0.241822207272477
REG-11	2020-03-15	13	34	0	2	102	0	12278210	0.0431010769979476	IDF	0	0.512289944350139	-0.240115617551198
REG-11	2020-03-16	14	34	0	2	134	0	12278210	0.0431010769979476	IDF	0	0.53306080344218	-0.233163002151362
REG-11	2020-03-17	15	34	0	2	180	0	12278210	0.0431010769979476	IDF	0	0.549772485508719	-0.220672915201939
REG-11	2020-03-18	16	34	0	2	182	1	12278210	0.0431010769979476	IDF	1	0.562540027955339	-0.202802289095022
REG-11	2020-03-19	17	34	0	2	271	1	12278210	0.0431010769979476	IDF	2	0.571560637763034	-0.179820150788485
REG-11	2020-03-20	18	34	0	2	301	1	12278210	0.0431010769979476	IDF	3	0.577031521912801	-0.151995527240204
REG-11	2020-03-21	19	34	0	2	288	1	12278210	0.0431010769979476	IDF	4	0.579149887385636	-0.119597445408053
REG-11	2020-03-22	20	34	0	2	311	1	12278210	0.0431010769979476	IDF	5	0.578112941162534	-0.0828949322499075
REG-11	2020-03-23	21	34	0	2	462	1	12278210	0.0431010769979476	IDF	6	0.574117890224492	-0.042157014723641
REG-11	2020-03-24	22	34	0	2	547	1	12278210	0.0431010769979476	IDF	7	0.567361941552506	0.00234728021287112
REG-11	2020-03-25	23	34	0	2	572	1	12278210	0.0431010769979476	IDF	8	0.558042302127572	0.0503489256017543
REG-11	2020-03-26	24	34	0	2	584	1	12278210	0.0431010769979476	IDF	9	0.546356178930686	0.101578894485134
REG-11	2020-03-27	25	34	0	2	714	1	12278210	0.0431010769979476	IDF	10	0.532500778942843	0.155768159905135
REG-11	2020-03-28	26	34	0	2	543	1	12278210	0.0431010769979476	IDF	11	0.51667330914504	0.212647694903883
REG-11	2020-03-29	27	34	0	2	465	1	12278210	0.0431010769979476	IDF	12	0.499070976518274	0.271948472523504
REG-11	2020-03-30	28	34	0	2	713	1	12278210	0.0431010769979476	IDF	13	0.479890988043539	0.333401465806122
REG-11	2020-03-31	29	34	0	2	592	1	12278210	0.0431010769979476	IDF	14	0.459330550701831	0.396737647793863
REG-11	2020-04-01	30	34	0	2	494	1	12278210	0.0431010769979476	IDF	15	0.437586871474148	0.461687991528852
REG-11	2020-04-02	31	34	0	2	527	1	12278210	0.0431010769979476	IDF	16	0.414857157341485	0.527983470053214
REG-11	2020-04-03	32	34	0	2	464	1	12278210	0.0431010769979476	IDF	17	0.391338615284838	0.595355056409075
REG-11	2020-04-04	33	34	0	2	365	1	12278210	0.0431010769979476	IDF	18	0.367228452285202	0.663533723638561
REG-11	2020-04-05	34	34	0	2	293	1	12278210	0.0431010769979476	IDF	19	0.342723875323575	0.732250444783796
REG-11	2020-04-06	35	34	0	2	382	1	12278210	0.0431010769979476	IDF	20	0.318022091380952	0.801236192886905
REG-75	2020-03-04	0	5	1	1	1	0	5999982	0.0323584318606098	NAquitaine	0	0	0
REG-75	2020-03-05	1	5	1	1	3	0	5999982	0.0323584318606098	NAquitaine	0	0.0476896119979971	-0.0297695643500602
REG-75	2020-03-06	2	5	1	1	3	0	5999982	0.0323584318606098	NAquitaine	0	0.0950834135245003	-0.0591355882633083
REG-75	2020-03-07	3	5	1	1	6	0	5999982	0.0323584318606098	NAquitaine	0	0.141885594108015	-0.0876945313029323
REG-75	2020-03-08	4	5	1	1	0	0	5999982	0.0323584318606098	NAquitaine	0	0.187800343277048	-0.11504285303212
REG-75	2020-03-09	5	5	1	1	0	0	5999982	0.0323584318606098	NAquitaine	0	0.232531850560105	-0.14077701301406
REG-75	2020-03-10	6	5	1	1	37	0	5999982	0.0323584318606098	NAquitaine	0	0.275784305485692	-0.164493470811939
REG-75	2020-03-11	7	5	1	1	12	0	5999982	0.0323584318606098	NAquitaine	0	0.317261897582315	-0.185788685988947
REG-75	2020-03-12	8	5	1	1	21	0	5999982	0.0323584318606098	NAquitaine	0	0.356668816378479	-0.20425911810827
REG-75	2020-03-13	9	5	1	1	27	0	5999982	0.0323584318606098	NAquitaine	0	0.393709251402692	-0.219501226733096
REG-75	2020-03-14	10	5	1	1	16	0	5999982	0.0323584318606098	NAquitaine	0	0.428087392183458	-0.231111471426614
REG-75	2020-03-15	11	5	1	1	14	0	5999982	0.0323584318606098	NAquitaine	0	0.459507428249284	-0.238686311752012
REG-75	2020-03-16	12	5	1	1	34	0	5999982	0.0323584318606098	NAquitaine	0	0.487673549128675	-0.241822207272477
REG-75	2020-03-17	13	5	1	1	22	0	5999982	0.0323584318606098	NAquitaine	0	0.512289944350139	-0.240115617551198
REG-75	2020-03-18	14	5	1	1	37	1	5999982	0.0323584318606098	NAquitaine	1	0.53306080344218	-0.233163002151362
REG-75	2020-03-19	15	5	1	1	43	1	5999982	0.0323584318606098	NAquitaine	2	0.549772485508719	-0.220672915201939
REG-75	2020-03-20	16	5	1	1	152	1	5999982	0.0323584318606098	NAquitaine	3	0.562540027955339	-0.202802289095022
REG-75	2020-03-21	17	5	1	1	89	1	5999982	0.0323584318606098	NAquitaine	4	0.571560637763034	-0.179820150788485
REG-75	2020-03-22	18	5	1	1	91	1	5999982	0.0323584318606098	NAquitaine	5	0.577031521912801	-0.151995527240204
REG-75	2020-03-23	19	5	1	1	64	1	5999982	0.0323584318606098	NAquitaine	6	0.579149887385636	-0.119597445408053
REG-75	2020-03-24	20	5	1	1	113	1	5999982	0.0323584318606098	NAquitaine	7	0.578112941162534	-0.0828949322499075
REG-75	2020-03-25	21	5	1	1	123	1	5999982	0.0323584318606098	NAquitaine	8	0.574117890224492	-0.042157014723641
REG-75	2020-03-05	1	5	1	2	1	0	5999982	0.0323584318606098	NAquitaine	0	0.0476896119979971	-0.0297695643500602
REG-75	2020-03-06	2	5	1	2	2	0	5999982	0.0323584318606098	NAquitaine	0	0.0950834135245003	-0.0591355882633083
REG-75	2020-03-07	3	5	1	2	6	0	5999982	0.0323584318606098	NAquitaine	0	0.141885594108015	-0.0876945313029323
REG-75	2020-03-08	4	5	1	2	8	0	5999982	0.0323584318606098	NAquitaine	0	0.187800343277048	-0.11504285303212
REG-75	2020-03-09	5	5	1	2	2	0	5999982	0.0323584318606098	NAquitaine	0	0.232531850560105	-0.14077701301406
REG-75	2020-03-10	6	5	1	2	5	0	5999982	0.0323584318606098	NAquitaine	0	0.275784305485692	-0.164493470811939
REG-75	2020-03-11	7	5	1	2	4	0	5999982	0.0323584318606098	NAquitaine	0	0.317261897582315	-0.185788685988947
REG-75	2020-03-12	8	5	1	2	12	0	5999982	0.0323584318606098	NAquitaine	0	0.356668816378479	-0.20425911810827
REG-75	2020-03-13	9	5	1	2	6	0	5999982	0.0323584318606098	NAquitaine	0	0.393709251402692	-0.219501226733096
REG-75	2020-03-14	10	5	1	2	13	0	5999982	0.0323584318606098	NAquitaine	0	0.428087392183458	-0.231111471426614
REG-75	2020-03-15	11	5	1	2	10	0	5999982	0.0323584318606098	NAquitaine	0	0.459507428249284	-0.238686311752012
REG-75	2020-03-16	12	5	1	2	26	0	5999982	0.0323584318606098	NAquitaine	0	0.487673549128675	-0.241822207272477
REG-75	2020-03-17	13	5	1	2	37	0	5999982	0.0323584318606098	NAquitaine	0	0.512289944350139	-0.240115617551198
REG-75	2020-03-18	14	5	1	2	28	1	5999982	0.0323584318606098	NAquitaine	1	0.53306080344218	-0.233163002151362
REG-75	2020-03-19	15	5	1	2	43	1	5999982	0.0323584318606098	NAquitaine	2	0.549772485508719	-0.220672915201939
REG-75	2020-03-20	16	5	1	2	60	1	5999982	0.0323584318606098	NAquitaine	3	0.562540027955339	-0.202802289095022
REG-75	2020-03-21	17	5	1	2	67	1	5999982	0.0323584318606098	NAquitaine	4	0.571560637763034	-0.179820150788485
REG-75	2020-03-22	18	5	1	2	70	1	5999982	0.0323584318606098	NAquitaine	5	0.577031521912801	-0.151995527240204
REG-75	2020-03-23	19	5	1	2	98	1	5999982	0.0323584318606098	NAquitaine	6	0.579149887385636	-0.119597445408053
REG-75	2020-03-24	20	5	1	2	98	1	5999982	0.0323584318606098	NAquitaine	7	0.578112941162534	-0.0828949322499075
REG-75	2020-03-25	21	5	1	2	99	1	5999982	0.0323584318606098	NAquitaine	8	0.574117890224492	-0.042157014723641
REG-75	2020-03-26	22	5	1	2	112	1	5999982	0.0323584318606098	NAquitaine	9	0.567361941552506	0.00234728021287112
REG-75	2020-03-27	23	5	1	2	142	1	5999982	0.0323584318606098	NAquitaine	10	0.558042302127572	0.0503489256017543
REG-75	2020-03-28	24	5	1	2	118	1	5999982	0.0323584318606098	NAquitaine	11	0.546356178930686	0.101578894485134
REG-75	2020-03-29	25	5	1	2	78	1	5999982	0.0323584318606098	NAquitaine	12	0.532500778942843	0.155768159905135
REG-75	2020-03-30	26	5	1	2	123	1	5999982	0.0323584318606098	NAquitaine	13	0.51667330914504	0.212647694903883
REG-75	2020-03-31	27	5	1	2	127	1	5999982	0.0323584318606098	NAquitaine	14	0.499070976518274	0.271948472523504
REG-75	2020-04-01	28	5	1	2	128	1	5999982	0.0323584318606098	NAquitaine	15	0.479890988043539	0.333401465806122
REG-75	2020-04-02	29	5	1	2	115	1	5999982	0.0323584318606098	NAquitaine	16	0.459330550701831	0.396737647793863
REG-75	2020-04-03	30	5	1	2	126	1	5999982	0.0323584318606098	NAquitaine	17	0.437586871474148	0.461687991528852
REG-75	2020-04-04	31	5	1	2	90	1	5999982	0.0323584318606098	NAquitaine	18	0.414857157341485	0.527983470053214
REG-75	2020-04-05	32	5	1	2	95	1	5999982	0.0323584318606098	NAquitaine	19	0.391338615284838	0.595355056409075
REG-75	2020-04-06	33	5	1	2	98	1	5999982	0.0323584318606098	NAquitaine	20	0.367228452285202	0.663533723638561
REG-84	2020-03-02	0	37	0	1	26	0	8032377	0.0259584322021785	AURA	0	0	0
REG-84	2020-03-03	1	37	0	1	3	0	8032377	0.0259584322021785	AURA	0	0.0476896119979971	-0.0297695643500602
REG-84	2020-03-04	2	37	0	1	9	0	8032377	0.0259584322021785	AURA	0	0.0950834135245003	-0.0591355882633083
REG-84	2020-03-05	3	37	0	1	15	0	8032377	0.0259584322021785	AURA	0	0.141885594108015	-0.0876945313029323
REG-84	2020-03-06	4	37	0	1	11	0	8032377	0.0259584322021785	AURA	0	0.187800343277048	-0.11504285303212
REG-84	2020-03-07	5	37	0	1	27	0	8032377	0.0259584322021785	AURA	0	0.232531850560105	-0.14077701301406
REG-84	2020-03-08	6	37	0	1	0	0	8032377	0.0259584322021785	AURA	0	0.275784305485692	-0.164493470811939
REG-84	2020-03-09	7	37	0	1	0	0	8032377	0.0259584322021785	AURA	0	0.317261897582315	-0.185788685988947
REG-84	2020-03-10	8	37	0	1	109	0	8032377	0.0259584322021785	AURA	0	0.356668816378479	-0.20425911810827
REG-84	2020-03-11	9	37	0	1	53	0	8032377	0.0259584322021785	AURA	0	0.393709251402692	-0.219501226733096
REG-84	2020-03-12	10	37	0	1	65	0	8032377	0.0259584322021785	AURA	0	0.428087392183458	-0.231111471426614
REG-84	2020-03-13	11	37	0	1	87	0	8032377	0.0259584322021785	AURA	0	0.459507428249284	-0.238686311752012
REG-84	2020-03-14	12	37	0	1	38	0	8032377	0.0259584322021785	AURA	0	0.487673549128675	-0.241822207272477
REG-84	2020-03-15	13	37	0	1	69	0	8032377	0.0259584322021785	AURA	0	0.512289944350139	-0.240115617551198
REG-84	2020-03-16	14	37	0	1	95	0	8032377	0.0259584322021785	AURA	0	0.53306080344218	-0.233163002151362
REG-84	2020-03-17	15	37	0	1	92	0	8032377	0.0259584322021785	AURA	0	0.549772485508719	-0.220672915201939
REG-84	2020-03-18	16	37	0	1	148	1	8032377	0.0259584322021785	AURA	1	0.562540027955339	-0.202802289095022
REG-84	2020-03-19	17	37	0	1	156	1	8032377	0.0259584322021785	AURA	2	0.571560637763034	-0.179820150788485
REG-84	2020-03-20	18	37	0	1	87	1	8032377	0.0259584322021785	AURA	3	0.577031521912801	-0.151995527240204
REG-84	2020-03-21	19	37	0	1	165	1	8032377	0.0259584322021785	AURA	4	0.579149887385636	-0.119597445408053
REG-84	2020-03-22	20	37	0	1	165	1	8032377	0.0259584322021785	AURA	5	0.578112941162534	-0.0828949322499075
REG-84	2020-03-23	21	37	0	1	299	1	8032377	0.0259584322021785	AURA	6	0.574117890224492	-0.042157014723641
REG-84	2020-03-24	22	37	0	1	127	1	8032377	0.0259584322021785	AURA	7	0.567361941552506	0.00234728021287112
REG-84	2020-03-25	23	37	0	1	236	1	8032377	0.0259584322021785	AURA	8	0.558042302127572	0.0503489256017543
REG-84	2020-03-03	1	37	0	2	2	0	8032377	0.0259584322021785	AURA	0	0.0476896119979971	-0.0297695643500602
REG-84	2020-03-04	2	37	0	2	2	0	8032377	0.0259584322021785	AURA	0	0.0950834135245003	-0.0591355882633083
REG-84	2020-03-05	3	37	0	2	1	0	8032377	0.0259584322021785	AURA	0	0.141885594108015	-0.0876945313029323
REG-84	2020-03-06	4	37	0	2	3	0	8032377	0.0259584322021785	AURA	0	0.187800343277048	-0.11504285303212
REG-84	2020-03-07	5	37	0	2	4	0	8032377	0.0259584322021785	AURA	0	0.232531850560105	-0.14077701301406
REG-84	2020-03-08	6	37	0	2	3	0	8032377	0.0259584322021785	AURA	0	0.275784305485692	-0.164493470811939
REG-84	2020-03-09	7	37	0	2	14	0	8032377	0.0259584322021785	AURA	0	0.317261897582315	-0.185788685988947
REG-84	2020-03-10	8	37	0	2	14	0	8032377	0.0259584322021785	AURA	0	0.356668816378479	-0.20425911810827
REG-84	2020-03-11	9	37	0	2	13	0	8032377	0.0259584322021785	AURA	0	0.393709251402692	-0.219501226733096
REG-84	2020-03-12	10	37	0	2	27	0	8032377	0.0259584322021785	AURA	0	0.428087392183458	-0.231111471426614
REG-84	2020-03-13	11	37	0	2	37	0	8032377	0.0259584322021785	AURA	0	0.459507428249284	-0.238686311752012
REG-84	2020-03-14	12	37	0	2	40	0	8032377	0.0259584322021785	AURA	0	0.487673549128675	-0.241822207272477
REG-84	2020-03-15	13	37	0	2	29	0	8032377	0.0259584322021785	AURA	0	0.512289944350139	-0.240115617551198
REG-84	2020-03-16	14	37	0	2	46	0	8032377	0.0259584322021785	AURA	0	0.53306080344218	-0.233163002151362
REG-84	2020-03-17	15	37	0	2	62	0	8032377	0.0259584322021785	AURA	0	0.549772485508719	-0.220672915201939
REG-84	2020-03-18	16	37	0	2	57	1	8032377	0.0259584322021785	AURA	1	0.562540027955339	-0.202802289095022
REG-84	2020-03-19	17	37	0	2	82	1	8032377	0.0259584322021785	AURA	2	0.571560637763034	-0.179820150788485
REG-84	2020-03-20	18	37	0	2	117	1	8032377	0.0259584322021785	AURA	3	0.577031521912801	-0.151995527240204
REG-84	2020-03-21	19	37	0	2	105	1	8032377	0.0259584322021785	AURA	4	0.579149887385636	-0.119597445408053
REG-84	2020-03-22	20	37	0	2	120	1	8032377	0.0259584322021785	AURA	5	0.578112941162534	-0.0828949322499075
REG-84	2020-03-23	21	37	0	2	220	1	8032377	0.0259584322021785	AURA	6	0.574117890224492	-0.042157014723641
REG-84	2020-03-24	22	37	0	2	221	1	8032377	0.0259584322021785	AURA	7	0.567361941552506	0.00234728021287112
REG-84	2020-03-25	23	37	0	2	237	1	8032377	0.0259584322021785	AURA	8	0.558042302127572	0.0503489256017543
REG-84	2020-03-26	24	37	0	2	268	1	8032377	0.0259584322021785	AURA	9	0.546356178930686	0.101578894485134
REG-84	2020-03-27	25	37	0	2	342	1	8032377	0.0259584322021785	AURA	10	0.532500778942843	0.155768159905135
REG-84	2020-03-28	26	37	0	2	232	1	8032377	0.0259584322021785	AURA	11	0.51667330914504	0.212647694903883
REG-84	2020-03-29	27	37	0	2	200	1	8032377	0.0259584322021785	AURA	12	0.499070976518274	0.271948472523504
REG-84	2020-03-30	28	37	0	2	270	1	8032377	0.0259584322021785	AURA	13	0.479890988043539	0.333401465806122
REG-84	2020-03-31	29	37	0	2	230	1	8032377	0.0259584322021785	AURA	14	0.459330550701831	0.396737647793863
REG-84	2020-04-01	30	37	0	2	155	1	8032377	0.0259584322021785	AURA	15	0.437586871474148	0.461687991528852
REG-84	2020-04-02	31	37	0	2	163	1	8032377	0.0259584322021785	AURA	16	0.414857157341485	0.527983470053214
REG-84	2020-04-03	32	37	0	2	187	1	8032377	0.0259584322021785	AURA	17	0.391338615284838	0.595355056409075
REG-84	2020-04-04	33	37	0	2	135	1	8032377	0.0259584322021785	AURA	18	0.367228452285202	0.663533723638561
REG-84	2020-04-05	34	37	0	2	110	1	8032377	0.0259584322021785	AURA	19	0.342723875323575	0.732250444783796
REG-84	2020-04-06	35	37	0	2	149	1	8032377	0.0259584322021785	AURA	20	0.318022091380952	0.801236192886905
REG-24	2020-03-10	0	18	0	1	2	0	2559073	0.0282740007711091	Centre	0	0	0
REG-24	2020-03-11	1	18	0	1	2	0	2559073	0.0282740007711091	Centre	0	0.0476896119979971	-0.0297695643500602
REG-24	2020-03-12	2	18	0	1	10	0	2559073	0.0282740007711091	Centre	0	0.0950834135245003	-0.0591355882633083
REG-24	2020-03-13	3	18	0	1	3	0	2559073	0.0282740007711091	Centre	0	0.141885594108015	-0.0876945313029323
REG-24	2020-03-14	4	18	0	1	21	0	2559073	0.0282740007711091	Centre	0	0.187800343277048	-0.11504285303212
REG-24	2020-03-15	5	18	0	1	17	0	2559073	0.0282740007711091	Centre	0	0.232531850560105	-0.14077701301406
REG-24	2020-03-16	6	18	0	1	19	0	2559073	0.0282740007711091	Centre	0	0.275784305485692	-0.164493470811939
REG-24	2020-03-17	7	18	0	1	13	0	2559073	0.0282740007711091	Centre	0	0.317261897582315	-0.185788685988947
REG-24	2020-03-18	8	18	0	1	25	1	2559073	0.0282740007711091	Centre	1	0.356668816378479	-0.20425911810827
REG-24	2020-03-19	9	18	0	1	29	1	2559073	0.0282740007711091	Centre	2	0.393709251402692	-0.219501226733096
REG-24	2020-03-20	10	18	0	1	62	1	2559073	0.0282740007711091	Centre	3	0.428087392183458	-0.231111471426614
REG-24	2020-03-21	11	18	0	1	35	1	2559073	0.0282740007711091	Centre	4	0.459507428249284	-0.238686311752012
REG-24	2020-03-22	12	18	0	1	37	1	2559073	0.0282740007711091	Centre	5	0.487673549128675	-0.241822207272477
REG-24	2020-03-23	13	18	0	1	70	1	2559073	0.0282740007711091	Centre	6	0.512289944350139	-0.240115617551198
REG-24	2020-03-24	14	18	0	1	89	1	2559073	0.0282740007711091	Centre	7	0.53306080344218	-0.233163002151362
REG-24	2020-03-25	15	18	0	1	111	1	2559073	0.0282740007711091	Centre	8	0.549772485508719	-0.220672915201939
REG-24	2020-03-12	2	18	0	2	1	0	2559073	0.0282740007711091	Centre	0	0.0950834135245003	-0.0591355882633083
REG-24	2020-03-13	3	18	0	2	1	0	2559073	0.0282740007711091	Centre	0	0.141885594108015	-0.0876945313029323
REG-24	2020-03-14	4	18	0	2	2	0	2559073	0.0282740007711091	Centre	0	0.187800343277048	-0.11504285303212
REG-24	2020-03-15	5	18	0	2	5	0	2559073	0.0282740007711091	Centre	0	0.232531850560105	-0.14077701301406
REG-24	2020-03-16	6	18	0	2	6	0	2559073	0.0282740007711091	Centre	0	0.275784305485692	-0.164493470811939
REG-24	2020-03-17	7	18	0	2	10	0	2559073	0.0282740007711091	Centre	0	0.317261897582315	-0.185788685988947
REG-24	2020-03-18	8	18	0	2	5	1	2559073	0.0282740007711091	Centre	1	0.356668816378479	-0.20425911810827
REG-24	2020-03-19	9	18	0	2	13	1	2559073	0.0282740007711091	Centre	2	0.393709251402692	-0.219501226733096
REG-24	2020-03-20	10	18	0	2	16	1	2559073	0.0282740007711091	Centre	3	0.428087392183458	-0.231111471426614
REG-24	2020-03-21	11	18	0	2	17	1	2559073	0.0282740007711091	Centre	4	0.459507428249284	-0.238686311752012
REG-24	2020-03-22	12	18	0	2	13	1	2559073	0.0282740007711091	Centre	5	0.487673549128675	-0.241822207272477
REG-24	2020-03-23	13	18	0	2	22	1	2559073	0.0282740007711091	Centre	6	0.512289944350139	-0.240115617551198
REG-24	2020-03-24	14	18	0	2	14	1	2559073	0.0282740007711091	Centre	7	0.53306080344218	-0.233163002151362
REG-24	2020-03-25	15	18	0	2	13	1	2559073	0.0282740007711091	Centre	8	0.549772485508719	-0.220672915201939
REG-24	2020-03-26	16	18	0	2	17	1	2559073	0.0282740007711091	Centre	9	0.562540027955339	-0.202802289095022
REG-24	2020-03-27	17	18	0	2	43	1	2559073	0.0282740007711091	Centre	10	0.571560637763034	-0.179820150788485
REG-24	2020-03-28	18	18	0	2	33	1	2559073	0.0282740007711091	Centre	11	0.577031521912801	-0.151995527240204
REG-24	2020-03-29	19	18	0	2	32	1	2559073	0.0282740007711091	Centre	12	0.579149887385636	-0.119597445408053
REG-24	2020-03-30	20	18	0	2	48	1	2559073	0.0282740007711091	Centre	13	0.578112941162534	-0.0828949322499075
REG-24	2020-03-31	21	18	0	2	43	1	2559073	0.0282740007711091	Centre	14	0.574117890224492	-0.042157014723641
REG-24	2020-04-01	22	18	0	2	36	1	2559073	0.0282740007711091	Centre	15	0.567361941552506	0.00234728021287112
REG-24	2020-04-02	23	18	0	2	33	1	2559073	0.0282740007711091	Centre	16	0.558042302127572	0.0503489256017543
REG-24	2020-04-03	24	18	0	2	39	1	2559073	0.0282740007711091	Centre	17	0.546356178930686	0.101578894485134
REG-24	2020-04-04	25	18	0	2	17	1	2559073	0.0282740007711091	Centre	18	0.532500778942843	0.155768159905135
REG-24	2020-04-05	26	18	0	2	16	1	2559073	0.0282740007711091	Centre	19	0.51667330914504	0.212647694903883
REG-24	2020-04-06	27	18	0	2	25	1	2559073	0.0282740007711091	Centre	20	0.499070976518274	0.271948472523504
REG-27	2020-03-02	0	8	0	1	4	0	2783039	0.0700759308388985	BFC	0	0	0
REG-27	2020-03-03	1	8	0	1	5	0	2783039	0.0700759308388985	BFC	0	0.0476896119979971	-0.0297695643500602
REG-27	2020-03-04	2	8	0	1	3	0	2783039	0.0700759308388985	BFC	0	0.0950834135245003	-0.0591355882633083
REG-27	2020-03-05	3	8	0	1	23	0	2783039	0.0700759308388985	BFC	0	0.141885594108015	-0.0876945313029323
REG-27	2020-03-06	4	8	0	1	39	0	2783039	0.0700759308388985	BFC	0	0.187800343277048	-0.11504285303212
REG-27	2020-03-07	5	8	0	1	51	0	2783039	0.0700759308388985	BFC	0	0.232531850560105	-0.14077701301406
REG-27	2020-03-08	6	8	0	1	0	0	2783039	0.0700759308388985	BFC	0	0.275784305485692	-0.164493470811939
REG-27	2020-03-09	7	8	0	1	0	0	2783039	0.0700759308388985	BFC	0	0.317261897582315	-0.185788685988947
REG-27	2020-03-10	8	8	0	1	17	0	2783039	0.0700759308388985	BFC	0	0.356668816378479	-0.20425911810827
REG-27	2020-03-11	9	8	0	1	9	0	2783039	0.0700759308388985	BFC	0	0.393709251402692	-0.219501226733096
REG-27	2020-03-12	10	8	0	1	64	0	2783039	0.0700759308388985	BFC	0	0.428087392183458	-0.231111471426614
REG-27	2020-03-13	11	8	0	1	53	0	2783039	0.0700759308388985	BFC	0	0.459507428249284	-0.238686311752012
REG-27	2020-03-14	12	8	0	1	67	0	2783039	0.0700759308388985	BFC	0	0.487673549128675	-0.241822207272477
REG-27	2020-03-15	13	8	0	1	73	0	2783039	0.0700759308388985	BFC	0	0.512289944350139	-0.240115617551198
REG-27	2020-03-16	14	8	0	1	95	0	2783039	0.0700759308388985	BFC	0	0.53306080344218	-0.233163002151362
REG-27	2020-03-17	15	8	0	1	42	0	2783039	0.0700759308388985	BFC	0	0.549772485508719	-0.220672915201939
REG-27	2020-03-18	16	8	0	1	44	1	2783039	0.0700759308388985	BFC	1	0.562540027955339	-0.202802289095022
REG-27	2020-03-19	17	8	0	1	103	1	2783039	0.0700759308388985	BFC	2	0.571560637763034	-0.179820150788485
REG-27	2020-03-20	18	8	0	1	74	1	2783039	0.0700759308388985	BFC	3	0.577031521912801	-0.151995527240204
REG-27	2020-03-21	19	8	0	1	133	1	2783039	0.0700759308388985	BFC	4	0.579149887385636	-0.119597445408053
REG-27	2020-03-22	20	8	0	1	275	1	2783039	0.0700759308388985	BFC	5	0.578112941162534	-0.0828949322499075
REG-27	2020-03-23	21	8	0	1	169	1	2783039	0.0700759308388985	BFC	6	0.574117890224492	-0.042157014723641
REG-27	2020-03-24	22	8	0	1	163	1	2783039	0.0700759308388985	BFC	7	0.567361941552506	0.00234728021287112
REG-27	2020-03-25	23	8	0	1	59	1	2783039	0.0700759308388985	BFC	8	0.558042302127572	0.0503489256017543
REG-27	2020-03-03	1	8	0	2	10	0	2783039	0.0700759308388985	BFC	0	0.0476896119979971	-0.0297695643500602
REG-27	2020-03-04	2	8	0	2	10	0	2783039	0.0700759308388985	BFC	0	0.0950834135245003	-0.0591355882633083
REG-27	2020-03-05	3	8	0	2	12	0	2783039	0.0700759308388985	BFC	0	0.141885594108015	-0.0876945313029323
REG-27	2020-03-06	4	8	0	2	13	0	2783039	0.0700759308388985	BFC	0	0.187800343277048	-0.11504285303212
REG-27	2020-03-07	5	8	0	2	15	0	2783039	0.0700759308388985	BFC	0	0.232531850560105	-0.14077701301406
REG-27	2020-03-08	6	8	0	2	20	0	2783039	0.0700759308388985	BFC	0	0.275784305485692	-0.164493470811939
REG-27	2020-03-09	7	8	0	2	13	0	2783039	0.0700759308388985	BFC	0	0.317261897582315	-0.185788685988947
REG-27	2020-03-10	8	8	0	2	28	0	2783039	0.0700759308388985	BFC	0	0.356668816378479	-0.20425911810827
REG-27	2020-03-11	9	8	0	2	16	0	2783039	0.0700759308388985	BFC	0	0.393709251402692	-0.219501226733096
REG-27	2020-03-12	10	8	0	2	34	0	2783039	0.0700759308388985	BFC	0	0.428087392183458	-0.231111471426614
REG-27	2020-03-13	11	8	0	2	44	0	2783039	0.0700759308388985	BFC	0	0.459507428249284	-0.238686311752012
REG-27	2020-03-14	12	8	0	2	29	0	2783039	0.0700759308388985	BFC	0	0.487673549128675	-0.241822207272477
REG-27	2020-03-15	13	8	0	2	28	0	2783039	0.0700759308388985	BFC	0	0.512289944350139	-0.240115617551198
REG-27	2020-03-16	14	8	0	2	38	0	2783039	0.0700759308388985	BFC	0	0.53306080344218	-0.233163002151362
REG-27	2020-03-17	15	8	0	2	54	0	2783039	0.0700759308388985	BFC	0	0.549772485508719	-0.220672915201939
REG-27	2020-03-18	16	8	0	2	65	1	2783039	0.0700759308388985	BFC	1	0.562540027955339	-0.202802289095022
REG-27	2020-03-19	17	8	0	2	66	1	2783039	0.0700759308388985	BFC	2	0.571560637763034	-0.179820150788485
REG-27	2020-03-20	18	8	0	2	97	1	2783039	0.0700759308388985	BFC	3	0.577031521912801	-0.151995527240204
REG-27	2020-03-21	19	8	0	2	69	1	2783039	0.0700759308388985	BFC	4	0.579149887385636	-0.119597445408053
REG-27	2020-03-22	20	8	0	2	81	1	2783039	0.0700759308388985	BFC	5	0.578112941162534	-0.0828949322499075
REG-27	2020-03-23	21	8	0	2	131	1	2783039	0.0700759308388985	BFC	6	0.574117890224492	-0.042157014723641
REG-27	2020-03-24	22	8	0	2	109	1	2783039	0.0700759308388985	BFC	7	0.567361941552506	0.00234728021287112
REG-27	2020-03-25	23	8	0	2	113	1	2783039	0.0700759308388985	BFC	8	0.558042302127572	0.0503489256017543
REG-27	2020-03-26	24	8	0	2	119	1	2783039	0.0700759308388985	BFC	9	0.546356178930686	0.101578894485134
REG-27	2020-03-27	25	8	0	2	180	1	2783039	0.0700759308388985	BFC	10	0.532500778942843	0.155768159905135
REG-27	2020-03-28	26	8	0	2	129	1	2783039	0.0700759308388985	BFC	11	0.51667330914504	0.212647694903883
REG-27	2020-03-29	27	8	0	2	85	1	2783039	0.0700759308388985	BFC	12	0.499070976518274	0.271948472523504
REG-27	2020-03-30	28	8	0	2	126	1	2783039	0.0700759308388985	BFC	13	0.479890988043539	0.333401465806122
REG-27	2020-03-31	29	8	0	2	118	1	2783039	0.0700759308388985	BFC	14	0.459330550701831	0.396737647793863
REG-27	2020-04-01	30	8	0	2	93	1	2783039	0.0700759308388985	BFC	15	0.437586871474148	0.461687991528852
REG-27	2020-04-02	31	8	0	2	91	1	2783039	0.0700759308388985	BFC	16	0.414857157341485	0.527983470053214
REG-27	2020-04-03	32	8	0	2	124	1	2783039	0.0700759308388985	BFC	17	0.391338615284838	0.595355056409075
REG-27	2020-04-04	33	8	0	2	88	1	2783039	0.0700759308388985	BFC	18	0.367228452285202	0.663533723638561
REG-27	2020-04-05	34	8	0	2	73	1	2783039	0.0700759308388985	BFC	19	0.342723875323575	0.732250444783796
REG-27	2020-04-06	35	8	0	2	79	1	2783039	0.0700759308388985	BFC	20	0.318022091380952	0.801236192886905
REG-28	2020-03-10	0	37	6	1	26	0	3303500	0.0203820842118714	Normandie	0	0	0
REG-28	2020-03-11	1	37	6	1	17	0	3303500	0.0203820842118714	Normandie	0	0.0476896119979971	-0.0297695643500602
REG-28	2020-03-12	2	37	6	1	14	0	3303500	0.0203820842118714	Normandie	0	0.0950834135245003	-0.0591355882633083
REG-28	2020-03-13	3	37	6	1	29	0	3303500	0.0203820842118714	Normandie	0	0.141885594108015	-0.0876945313029323
REG-28	2020-03-14	4	37	6	1	30	0	3303500	0.0203820842118714	Normandie	0	0.187800343277048	-0.11504285303212
REG-28	2020-03-15	5	37	6	1	16	0	3303500	0.0203820842118714	Normandie	0	0.232531850560105	-0.14077701301406
REG-28	2020-03-16	6	37	6	1	13	0	3303500	0.0203820842118714	Normandie	0	0.275784305485692	-0.164493470811939
REG-28	2020-03-17	7	37	6	1	18	0	3303500	0.0203820842118714	Normandie	0	0.317261897582315	-0.185788685988947
REG-28	2020-03-18	8	37	6	1	34	1	3303500	0.0203820842118714	Normandie	1	0.356668816378479	-0.20425911810827
REG-28	2020-03-19	9	37	6	1	33	1	3303500	0.0203820842118714	Normandie	2	0.393709251402692	-0.219501226733096
REG-28	2020-03-20	10	37	6	1	46	1	3303500	0.0203820842118714	Normandie	3	0.428087392183458	-0.231111471426614
REG-28	2020-03-21	11	37	6	1	58	1	3303500	0.0203820842118714	Normandie	4	0.459507428249284	-0.238686311752012
REG-28	2020-03-22	12	37	6	1	117	1	3303500	0.0203820842118714	Normandie	5	0.487673549128675	-0.241822207272477
REG-28	2020-03-23	13	37	6	1	49	1	3303500	0.0203820842118714	Normandie	6	0.512289944350139	-0.240115617551198
REG-28	2020-03-24	14	37	6	1	75	1	3303500	0.0203820842118714	Normandie	7	0.53306080344218	-0.233163002151362
REG-28	2020-03-25	15	37	6	1	102	1	3303500	0.0203820842118714	Normandie	8	0.549772485508719	-0.220672915201939
REG-28	2020-03-11	1	37	6	2	2	0	3303500	0.0203820842118714	Normandie	0	0.0476896119979971	-0.0297695643500602
REG-28	2020-03-12	2	37	6	2	2	0	3303500	0.0203820842118714	Normandie	0	0.0950834135245003	-0.0591355882633083
REG-28	2020-03-13	3	37	6	2	9	0	3303500	0.0203820842118714	Normandie	0	0.141885594108015	-0.0876945313029323
REG-28	2020-03-14	4	37	6	2	4	0	3303500	0.0203820842118714	Normandie	0	0.187800343277048	-0.11504285303212
REG-28	2020-03-15	5	37	6	2	4	0	3303500	0.0203820842118714	Normandie	0	0.232531850560105	-0.14077701301406
REG-28	2020-03-16	6	37	6	2	3	0	3303500	0.0203820842118714	Normandie	0	0.275784305485692	-0.164493470811939
REG-28	2020-03-17	7	37	6	2	8	0	3303500	0.0203820842118714	Normandie	0	0.317261897582315	-0.185788685988947
REG-28	2020-03-18	8	37	6	2	15	1	3303500	0.0203820842118714	Normandie	1	0.356668816378479	-0.20425911810827
REG-28	2020-03-19	9	37	6	2	9	1	3303500	0.0203820842118714	Normandie	2	0.393709251402692	-0.219501226733096
REG-28	2020-03-20	10	37	6	2	12	1	3303500	0.0203820842118714	Normandie	3	0.428087392183458	-0.231111471426614
REG-28	2020-03-21	11	37	6	2	27	1	3303500	0.0203820842118714	Normandie	4	0.459507428249284	-0.238686311752012
REG-28	2020-03-22	12	37	6	2	15	1	3303500	0.0203820842118714	Normandie	5	0.487673549128675	-0.241822207272477
REG-28	2020-03-23	13	37	6	2	36	1	3303500	0.0203820842118714	Normandie	6	0.512289944350139	-0.240115617551198
REG-28	2020-03-24	14	37	6	2	35	1	3303500	0.0203820842118714	Normandie	7	0.53306080344218	-0.233163002151362
REG-28	2020-03-25	15	37	6	2	33	1	3303500	0.0203820842118714	Normandie	8	0.549772485508719	-0.220672915201939
REG-28	2020-03-26	16	37	6	2	52	1	3303500	0.0203820842118714	Normandie	9	0.562540027955339	-0.202802289095022
REG-28	2020-03-27	17	37	6	2	37	1	3303500	0.0203820842118714	Normandie	10	0.571560637763034	-0.179820150788485
REG-28	2020-03-28	18	37	6	2	41	1	3303500	0.0203820842118714	Normandie	11	0.577031521912801	-0.151995527240204
REG-28	2020-03-29	19	37	6	2	36	1	3303500	0.0203820842118714	Normandie	12	0.579149887385636	-0.119597445408053
REG-28	2020-03-30	20	37	6	2	42	1	3303500	0.0203820842118714	Normandie	13	0.578112941162534	-0.0828949322499075
REG-28	2020-03-31	21	37	6	2	46	1	3303500	0.0203820842118714	Normandie	14	0.574117890224492	-0.042157014723641
REG-28	2020-04-01	22	37	6	2	43	1	3303500	0.0203820842118714	Normandie	15	0.567361941552506	0.00234728021287112
REG-28	2020-04-02	23	37	6	2	41	1	3303500	0.0203820842118714	Normandie	16	0.558042302127572	0.0503489256017543
REG-28	2020-04-03	24	37	6	2	43	1	3303500	0.0203820842118714	Normandie	17	0.546356178930686	0.101578894485134
REG-28	2020-04-04	25	37	6	2	21	1	3303500	0.0203820842118714	Normandie	18	0.532500778942843	0.155768159905135
REG-28	2020-04-05	26	37	6	2	29	1	3303500	0.0203820842118714	Normandie	19	0.51667330914504	0.212647694903883
REG-28	2020-04-06	27	37	6	2	15	1	3303500	0.0203820842118714	Normandie	20	0.499070976518274	0.271948472523504
REG-32	2020-03-02	0	45	0	1	36	0	5962662	0.017936282297851	HDF	0	0	0
REG-32	2020-03-03	1	45	0	1	14	0	5962662	0.017936282297851	HDF	0	0.0476896119979971	-0.0297695643500602
REG-32	2020-03-04	2	45	0	1	6	0	5962662	0.017936282297851	HDF	0	0.0950834135245003	-0.0591355882633083
REG-32	2020-03-05	3	45	0	1	9	0	5962662	0.017936282297851	HDF	0	0.141885594108015	-0.0876945313029323
REG-32	2020-03-06	4	45	0	1	23	0	5962662	0.017936282297851	HDF	0	0.187800343277048	-0.11504285303212
REG-32	2020-03-07	5	45	0	1	76	0	5962662	0.017936282297851	HDF	0	0.232531850560105	-0.14077701301406
REG-32	2020-03-08	6	45	0	1	0	0	5962662	0.017936282297851	HDF	0	0.275784305485692	-0.164493470811939
REG-32	2020-03-09	7	45	0	1	0	0	5962662	0.017936282297851	HDF	0	0.317261897582315	-0.185788685988947
REG-32	2020-03-10	8	45	0	1	36	0	5962662	0.017936282297851	HDF	0	0.356668816378479	-0.20425911810827
REG-32	2020-03-11	9	45	0	1	54	0	5962662	0.017936282297851	HDF	0	0.393709251402692	-0.219501226733096
REG-32	2020-03-12	10	45	0	1	86	0	5962662	0.017936282297851	HDF	0	0.428087392183458	-0.231111471426614
REG-32	2020-03-13	11	45	0	1	48	0	5962662	0.017936282297851	HDF	0	0.459507428249284	-0.238686311752012
REG-32	2020-03-14	12	45	0	1	69	0	5962662	0.017936282297851	HDF	0	0.487673549128675	-0.241822207272477
REG-32	2020-03-15	13	45	0	1	41	0	5962662	0.017936282297851	HDF	0	0.512289944350139	-0.240115617551198
REG-32	2020-03-16	14	45	0	1	78	0	5962662	0.017936282297851	HDF	0	0.53306080344218	-0.233163002151362
REG-32	2020-03-17	15	45	0	1	27	0	5962662	0.017936282297851	HDF	0	0.549772485508719	-0.220672915201939
REG-32	2020-03-18	16	45	0	1	53	1	5962662	0.017936282297851	HDF	1	0.562540027955339	-0.202802289095022
REG-32	2020-03-19	17	45	0	1	35	1	5962662	0.017936282297851	HDF	2	0.571560637763034	-0.179820150788485
REG-32	2020-03-20	18	45	0	1	59	1	5962662	0.017936282297851	HDF	3	0.577031521912801	-0.151995527240204
REG-32	2020-03-21	19	45	0	1	32	1	5962662	0.017936282297851	HDF	4	0.579149887385636	-0.119597445408053
REG-32	2020-03-22	20	45	0	1	145	1	5962662	0.017936282297851	HDF	5	0.578112941162534	-0.0828949322499075
REG-32	2020-03-23	21	45	0	1	333	1	5962662	0.017936282297851	HDF	6	0.574117890224492	-0.042157014723641
REG-32	2020-03-24	22	45	0	1	263	1	5962662	0.017936282297851	HDF	7	0.567361941552506	0.00234728021287112
REG-32	2020-03-25	23	45	0	1	221	1	5962662	0.017936282297851	HDF	8	0.558042302127572	0.0503489256017543
REG-32	2020-03-03	1	45	0	2	1	0	5962662	0.017936282297851	HDF	0	0.0476896119979971	-0.0297695643500602
REG-32	2020-03-04	2	45	0	2	1	0	5962662	0.017936282297851	HDF	0	0.0950834135245003	-0.0591355882633083
REG-32	2020-03-05	3	45	0	2	3	0	5962662	0.017936282297851	HDF	0	0.141885594108015	-0.0876945313029323
REG-32	2020-03-06	4	45	0	2	2	0	5962662	0.017936282297851	HDF	0	0.187800343277048	-0.11504285303212
REG-32	2020-03-07	5	45	0	2	3	0	5962662	0.017936282297851	HDF	0	0.232531850560105	-0.14077701301406
REG-32	2020-03-08	6	45	0	2	3	0	5962662	0.017936282297851	HDF	0	0.275784305485692	-0.164493470811939
REG-32	2020-03-09	7	45	0	2	6	0	5962662	0.017936282297851	HDF	0	0.317261897582315	-0.185788685988947
REG-32	2020-03-10	8	45	0	2	10	0	5962662	0.017936282297851	HDF	0	0.356668816378479	-0.20425911810827
REG-32	2020-03-11	9	45	0	2	13	0	5962662	0.017936282297851	HDF	0	0.393709251402692	-0.219501226733096
REG-32	2020-03-12	10	45	0	2	10	0	5962662	0.017936282297851	HDF	0	0.428087392183458	-0.231111471426614
REG-32	2020-03-13	11	45	0	2	20	0	5962662	0.017936282297851	HDF	0	0.459507428249284	-0.238686311752012
REG-32	2020-03-14	12	45	0	2	20	0	5962662	0.017936282297851	HDF	0	0.487673549128675	-0.241822207272477
REG-32	2020-03-15	13	45	0	2	20	0	5962662	0.017936282297851	HDF	0	0.512289944350139	-0.240115617551198
REG-32	2020-03-16	14	45	0	2	33	0	5962662	0.017936282297851	HDF	0	0.53306080344218	-0.233163002151362
REG-32	2020-03-17	15	45	0	2	42	0	5962662	0.017936282297851	HDF	0	0.549772485508719	-0.220672915201939
REG-32	2020-03-18	16	45	0	2	50	1	5962662	0.017936282297851	HDF	1	0.562540027955339	-0.202802289095022
REG-32	2020-03-19	17	45	0	2	50	1	5962662	0.017936282297851	HDF	2	0.571560637763034	-0.179820150788485
REG-32	2020-03-20	18	45	0	2	58	1	5962662	0.017936282297851	HDF	3	0.577031521912801	-0.151995527240204
REG-32	2020-03-21	19	45	0	2	52	1	5962662	0.017936282297851	HDF	4	0.579149887385636	-0.119597445408053
REG-32	2020-03-22	20	45	0	2	48	1	5962662	0.017936282297851	HDF	5	0.578112941162534	-0.0828949322499075
REG-32	2020-03-23	21	45	0	2	112	1	5962662	0.017936282297851	HDF	6	0.574117890224492	-0.042157014723641
REG-32	2020-03-24	22	45	0	2	98	1	5962662	0.017936282297851	HDF	7	0.567361941552506	0.00234728021287112
REG-32	2020-03-25	23	45	0	2	107	1	5962662	0.017936282297851	HDF	8	0.558042302127572	0.0503489256017543
REG-32	2020-03-26	24	45	0	2	124	1	5962662	0.017936282297851	HDF	9	0.546356178930686	0.101578894485134
REG-32	2020-03-27	25	45	0	2	138	1	5962662	0.017936282297851	HDF	10	0.532500778942843	0.155768159905135
REG-32	2020-03-28	26	45	0	2	114	1	5962662	0.017936282297851	HDF	11	0.51667330914504	0.212647694903883
REG-32	2020-03-29	27	45	0	2	95	1	5962662	0.017936282297851	HDF	12	0.499070976518274	0.271948472523504
REG-32	2020-03-30	28	45	0	2	137	1	5962662	0.017936282297851	HDF	13	0.479890988043539	0.333401465806122
REG-32	2020-03-31	29	45	0	2	114	1	5962662	0.017936282297851	HDF	14	0.459330550701831	0.396737647793863
REG-32	2020-04-01	30	45	0	2	91	1	5962662	0.017936282297851	HDF	15	0.437586871474148	0.461687991528852
REG-32	2020-04-02	31	45	0	2	106	1	5962662	0.017936282297851	HDF	16	0.414857157341485	0.527983470053214
REG-32	2020-04-03	32	45	0	2	114	1	5962662	0.017936282297851	HDF	17	0.391338615284838	0.595355056409075
REG-32	2020-04-04	33	45	0	2	83	1	5962662	0.017936282297851	HDF	18	0.367228452285202	0.663533723638561
REG-32	2020-04-05	34	45	0	2	70	1	5962662	0.017936282297851	HDF	19	0.342723875323575	0.732250444783796
REG-32	2020-04-06	35	45	0	2	57	1	5962662	0.017936282297851	HDF	20	0.318022091380952	0.801236192886905
REG-44	2020-03-02	0	12	0	1	11	0	5511747	0.051362363127069	GrandEst	0	0	0
REG-44	2020-03-03	1	12	0	1	1	0	5511747	0.051362363127069	GrandEst	0	0.0476896119979971	-0.0297695643500602
REG-44	2020-03-04	2	12	0	1	25	0	5511747	0.051362363127069	GrandEst	0	0.0950834135245003	-0.0591355882633083
REG-44	2020-03-05	3	12	0	1	39	0	5511747	0.051362363127069	GrandEst	0	0.141885594108015	-0.0876945313029323
REG-44	2020-03-06	4	12	0	1	59	0	5511747	0.051362363127069	GrandEst	0	0.187800343277048	-0.11504285303212
REG-44	2020-03-07	5	12	0	1	114	0	5511747	0.051362363127069	GrandEst	0	0.232531850560105	-0.14077701301406
REG-44	2020-03-08	6	12	0	1	0	0	5511747	0.051362363127069	GrandEst	0	0.275784305485692	-0.164493470811939
REG-44	2020-03-09	7	12	0	1	0	0	5511747	0.051362363127069	GrandEst	0	0.317261897582315	-0.185788685988947
REG-44	2020-03-10	8	12	0	1	214	0	5511747	0.051362363127069	GrandEst	0	0.356668816378479	-0.20425911810827
REG-44	2020-03-11	9	12	0	1	114	0	5511747	0.051362363127069	GrandEst	0	0.393709251402692	-0.219501226733096
REG-44	2020-03-12	10	12	0	1	121	0	5511747	0.051362363127069	GrandEst	0	0.428087392183458	-0.231111471426614
REG-44	2020-03-13	11	12	0	1	212	0	5511747	0.051362363127069	GrandEst	0	0.459507428249284	-0.238686311752012
REG-44	2020-03-14	12	12	0	1	174	0	5511747	0.051362363127069	GrandEst	0	0.487673549128675	-0.241822207272477
REG-44	2020-03-15	13	12	0	1	293	0	5511747	0.051362363127069	GrandEst	0	0.512289944350139	-0.240115617551198
REG-44	2020-03-16	14	12	0	1	165	0	5511747	0.051362363127069	GrandEst	0	0.53306080344218	-0.233163002151362
REG-44	2020-03-17	15	12	0	1	277	0	5511747	0.051362363127069	GrandEst	0	0.549772485508719	-0.220672915201939
REG-44	2020-03-18	16	12	0	1	343	1	5511747	0.051362363127069	GrandEst	1	0.562540027955339	-0.202802289095022
REG-44	2020-03-19	17	12	0	1	480	1	5511747	0.051362363127069	GrandEst	2	0.571560637763034	-0.179820150788485
REG-44	2020-03-20	18	12	0	1	363	1	5511747	0.051362363127069	GrandEst	3	0.577031521912801	-0.151995527240204
REG-44	2020-03-21	19	12	0	1	83	1	5511747	0.051362363127069	GrandEst	4	0.579149887385636	-0.119597445408053
REG-44	2020-03-22	20	12	0	1	306	1	5511747	0.051362363127069	GrandEst	5	0.578112941162534	-0.0828949322499075
REG-44	2020-03-23	21	12	0	1	861	1	5511747	0.051362363127069	GrandEst	6	0.574117890224492	-0.042157014723641
REG-44	2020-03-24	22	12	0	1	666	1	5511747	0.051362363127069	GrandEst	7	0.567361941552506	0.00234728021287112
REG-44	2020-03-25	23	12	0	1	557	1	5511747	0.051362363127069	GrandEst	8	0.558042302127572	0.0503489256017543
REG-44	2020-03-03	1	12	0	2	2	0	5511747	0.051362363127069	GrandEst	0	0.0476896119979971	-0.0297695643500602
REG-44	2020-03-04	2	12	0	2	4	0	5511747	0.051362363127069	GrandEst	0	0.0950834135245003	-0.0591355882633083
REG-44	2020-03-05	3	12	0	2	8	0	5511747	0.051362363127069	GrandEst	0	0.141885594108015	-0.0876945313029323
REG-44	2020-03-06	4	12	0	2	14	0	5511747	0.051362363127069	GrandEst	0	0.187800343277048	-0.11504285303212
REG-44	2020-03-07	5	12	0	2	23	0	5511747	0.051362363127069	GrandEst	0	0.232531850560105	-0.14077701301406
REG-44	2020-03-08	6	12	0	2	13	0	5511747	0.051362363127069	GrandEst	0	0.275784305485692	-0.164493470811939
REG-44	2020-03-09	7	12	0	2	20	0	5511747	0.051362363127069	GrandEst	0	0.317261897582315	-0.185788685988947
REG-44	2020-03-10	8	12	0	2	30	0	5511747	0.051362363127069	GrandEst	0	0.356668816378479	-0.20425911810827
REG-44	2020-03-11	9	12	0	2	36	0	5511747	0.051362363127069	GrandEst	0	0.393709251402692	-0.219501226733096
REG-44	2020-03-12	10	12	0	2	29	0	5511747	0.051362363127069	GrandEst	0	0.428087392183458	-0.231111471426614
REG-44	2020-03-13	11	12	0	2	57	0	5511747	0.051362363127069	GrandEst	0	0.459507428249284	-0.238686311752012
REG-44	2020-03-14	12	12	0	2	63	0	5511747	0.051362363127069	GrandEst	0	0.487673549128675	-0.241822207272477
REG-44	2020-03-15	13	12	0	2	77	0	5511747	0.051362363127069	GrandEst	0	0.512289944350139	-0.240115617551198
REG-44	2020-03-16	14	12	0	2	125	0	5511747	0.051362363127069	GrandEst	0	0.53306080344218	-0.233163002151362
REG-44	2020-03-17	15	12	0	2	102	0	5511747	0.051362363127069	GrandEst	0	0.549772485508719	-0.220672915201939
REG-44	2020-03-18	16	12	0	2	148	1	5511747	0.051362363127069	GrandEst	1	0.562540027955339	-0.202802289095022
REG-44	2020-03-19	17	12	0	2	146	1	5511747	0.051362363127069	GrandEst	2	0.571560637763034	-0.179820150788485
REG-44	2020-03-20	18	12	0	2	212	1	5511747	0.051362363127069	GrandEst	3	0.577031521912801	-0.151995527240204
REG-44	2020-03-21	19	12	0	2	190	1	5511747	0.051362363127069	GrandEst	4	0.579149887385636	-0.119597445408053
REG-44	2020-03-22	20	12	0	2	207	1	5511747	0.051362363127069	GrandEst	5	0.578112941162534	-0.0828949322499075
REG-44	2020-03-23	21	12	0	2	363	1	5511747	0.051362363127069	GrandEst	6	0.574117890224492	-0.042157014723641
REG-44	2020-03-24	22	12	0	2	286	1	5511747	0.051362363127069	GrandEst	7	0.567361941552506	0.00234728021287112
REG-44	2020-03-25	23	12	0	2	280	1	5511747	0.051362363127069	GrandEst	8	0.558042302127572	0.0503489256017543
REG-44	2020-03-26	24	12	0	2	301	1	5511747	0.051362363127069	GrandEst	9	0.546356178930686	0.101578894485134
REG-44	2020-03-27	25	12	0	2	350	1	5511747	0.051362363127069	GrandEst	10	0.532500778942843	0.155768159905135
REG-44	2020-03-28	26	12	0	2	274	1	5511747	0.051362363127069	GrandEst	11	0.51667330914504	0.212647694903883
REG-44	2020-03-29	27	12	0	2	202	1	5511747	0.051362363127069	GrandEst	12	0.499070976518274	0.271948472523504
REG-44	2020-03-30	28	12	0	2	323	1	5511747	0.051362363127069	GrandEst	13	0.479890988043539	0.333401465806122
REG-44	2020-03-31	29	12	0	2	263	1	5511747	0.051362363127069	GrandEst	14	0.459330550701831	0.396737647793863
REG-44	2020-04-01	30	12	0	2	220	1	5511747	0.051362363127069	GrandEst	15	0.437586871474148	0.461687991528852
REG-44	2020-04-02	31	12	0	2	220	1	5511747	0.051362363127069	GrandEst	16	0.414857157341485	0.527983470053214
REG-44	2020-04-03	32	12	0	2	241	1	5511747	0.051362363127069	GrandEst	17	0.391338615284838	0.595355056409075
REG-44	2020-04-04	33	12	0	2	145	1	5511747	0.051362363127069	GrandEst	18	0.367228452285202	0.663533723638561
REG-44	2020-04-05	34	12	0	2	103	1	5511747	0.051362363127069	GrandEst	19	0.342723875323575	0.732250444783796
REG-44	2020-04-06	35	12	0	2	142	1	5511747	0.051362363127069	GrandEst	20	0.318022091380952	0.801236192886905
REG-52	2020-03-04	0	7	0	1	2	0	3801797	0.00938762143870756	PaysLoire	0	0	0
REG-52	2020-03-05	1	7	0	1	1	0	3801797	0.00938762143870756	PaysLoire	0	0.0476896119979971	-0.0297695643500602
REG-52	2020-03-06	2	7	0	1	8	0	3801797	0.00938762143870756	PaysLoire	0	0.0950834135245003	-0.0591355882633083
REG-52	2020-03-07	3	7	0	1	2	0	3801797	0.00938762143870756	PaysLoire	0	0.141885594108015	-0.0876945313029323
REG-52	2020-03-08	4	7	0	1	0	0	3801797	0.00938762143870756	PaysLoire	0	0.187800343277048	-0.11504285303212
REG-52	2020-03-09	5	7	0	1	0	0	3801797	0.00938762143870756	PaysLoire	0	0.232531850560105	-0.14077701301406
REG-52	2020-03-10	6	7	0	1	9	0	3801797	0.00938762143870756	PaysLoire	0	0.275784305485692	-0.164493470811939
REG-52	2020-03-11	7	7	0	1	7	0	3801797	0.00938762143870756	PaysLoire	0	0.317261897582315	-0.185788685988947
REG-52	2020-03-12	8	7	0	1	7	0	3801797	0.00938762143870756	PaysLoire	0	0.356668816378479	-0.20425911810827
REG-52	2020-03-13	9	7	0	1	14	0	3801797	0.00938762143870756	PaysLoire	0	0.393709251402692	-0.219501226733096
REG-52	2020-03-14	10	7	0	1	27	0	3801797	0.00938762143870756	PaysLoire	0	0.428087392183458	-0.231111471426614
REG-52	2020-03-15	11	7	0	1	16	0	3801797	0.00938762143870756	PaysLoire	0	0.459507428249284	-0.238686311752012
REG-52	2020-03-16	12	7	0	1	10	0	3801797	0.00938762143870756	PaysLoire	0	0.487673549128675	-0.241822207272477
REG-52	2020-03-17	13	7	0	1	18	0	3801797	0.00938762143870756	PaysLoire	0	0.512289944350139	-0.240115617551198
REG-52	2020-03-18	14	7	0	1	2	1	3801797	0.00938762143870756	PaysLoire	1	0.53306080344218	-0.233163002151362
REG-52	2020-03-19	15	7	0	1	32	1	3801797	0.00938762143870756	PaysLoire	2	0.549772485508719	-0.220672915201939
REG-52	2020-03-20	16	7	0	1	30	1	3801797	0.00938762143870756	PaysLoire	3	0.562540027955339	-0.202802289095022
REG-52	2020-03-21	17	7	0	1	44	1	3801797	0.00938762143870756	PaysLoire	4	0.571560637763034	-0.179820150788485
REG-52	2020-03-22	18	7	0	1	36	1	3801797	0.00938762143870756	PaysLoire	5	0.577031521912801	-0.151995527240204
REG-52	2020-03-23	19	7	0	1	23	1	3801797	0.00938762143870756	PaysLoire	6	0.579149887385636	-0.119597445408053
REG-52	2020-03-24	20	7	0	1	50	1	3801797	0.00938762143870756	PaysLoire	7	0.578112941162534	-0.0828949322499075
REG-52	2020-03-25	21	7	0	1	25	1	3801797	0.00938762143870756	PaysLoire	8	0.574117890224492	-0.042157014723641
REG-52	2020-03-05	1	7	0	2	5	0	3801797	0.00938762143870756	PaysLoire	0	0.0476896119979971	-0.0297695643500602
REG-52	2020-03-06	2	7	0	2	10	0	3801797	0.00938762143870756	PaysLoire	0	0.0950834135245003	-0.0591355882633083
REG-52	2020-03-07	3	7	0	2	4	0	3801797	0.00938762143870756	PaysLoire	0	0.141885594108015	-0.0876945313029323
REG-52	2020-03-08	4	7	0	2	13	0	3801797	0.00938762143870756	PaysLoire	0	0.187800343277048	-0.11504285303212
REG-52	2020-03-09	5	7	0	2	8	0	3801797	0.00938762143870756	PaysLoire	0	0.232531850560105	-0.14077701301406
REG-52	2020-03-10	6	7	0	2	7	0	3801797	0.00938762143870756	PaysLoire	0	0.275784305485692	-0.164493470811939
REG-52	2020-03-11	7	7	0	2	9	0	3801797	0.00938762143870756	PaysLoire	0	0.317261897582315	-0.185788685988947
REG-52	2020-03-12	8	7	0	2	8	0	3801797	0.00938762143870756	PaysLoire	0	0.356668816378479	-0.20425911810827
REG-52	2020-03-13	9	7	0	2	9	0	3801797	0.00938762143870756	PaysLoire	0	0.393709251402692	-0.219501226733096
REG-52	2020-03-14	10	7	0	2	6	0	3801797	0.00938762143870756	PaysLoire	0	0.428087392183458	-0.231111471426614
REG-52	2020-03-15	11	7	0	2	15	0	3801797	0.00938762143870756	PaysLoire	0	0.459507428249284	-0.238686311752012
REG-52	2020-03-16	12	7	0	2	16	0	3801797	0.00938762143870756	PaysLoire	0	0.487673549128675	-0.241822207272477
REG-52	2020-03-17	13	7	0	2	26	0	3801797	0.00938762143870756	PaysLoire	0	0.512289944350139	-0.240115617551198
REG-52	2020-03-18	14	7	0	2	20	1	3801797	0.00938762143870756	PaysLoire	1	0.53306080344218	-0.233163002151362
REG-52	2020-03-19	15	7	0	2	28	1	3801797	0.00938762143870756	PaysLoire	2	0.549772485508719	-0.220672915201939
REG-52	2020-03-20	16	7	0	2	41	1	3801797	0.00938762143870756	PaysLoire	3	0.562540027955339	-0.202802289095022
REG-52	2020-03-21	17	7	0	2	36	1	3801797	0.00938762143870756	PaysLoire	4	0.571560637763034	-0.179820150788485
REG-52	2020-03-22	18	7	0	2	48	1	3801797	0.00938762143870756	PaysLoire	5	0.577031521912801	-0.151995527240204
REG-52	2020-03-23	19	7	0	2	64	1	3801797	0.00938762143870756	PaysLoire	6	0.579149887385636	-0.119597445408053
REG-52	2020-03-24	20	7	0	2	68	1	3801797	0.00938762143870756	PaysLoire	7	0.578112941162534	-0.0828949322499075
REG-52	2020-03-25	21	7	0	2	95	1	3801797	0.00938762143870756	PaysLoire	8	0.574117890224492	-0.042157014723641
REG-52	2020-03-26	22	7	0	2	91	1	3801797	0.00938762143870756	PaysLoire	9	0.567361941552506	0.00234728021287112
REG-52	2020-03-27	23	7	0	2	105	1	3801797	0.00938762143870756	PaysLoire	10	0.558042302127572	0.0503489256017543
REG-52	2020-03-28	24	7	0	2	92	1	3801797	0.00938762143870756	PaysLoire	11	0.546356178930686	0.101578894485134
REG-52	2020-03-29	25	7	0	2	84	1	3801797	0.00938762143870756	PaysLoire	12	0.532500778942843	0.155768159905135
REG-52	2020-03-30	26	7	0	2	104	1	3801797	0.00938762143870756	PaysLoire	13	0.51667330914504	0.212647694903883
REG-52	2020-03-31	27	7	0	2	77	1	3801797	0.00938762143870756	PaysLoire	14	0.499070976518274	0.271948472523504
REG-52	2020-04-01	28	7	0	2	90	1	3801797	0.00938762143870756	PaysLoire	15	0.479890988043539	0.333401465806122
REG-52	2020-04-02	29	7	0	2	71	1	3801797	0.00938762143870756	PaysLoire	16	0.459330550701831	0.396737647793863
REG-52	2020-04-03	30	7	0	2	78	1	3801797	0.00938762143870756	PaysLoire	17	0.437586871474148	0.461687991528852
REG-52	2020-04-04	31	7	0	2	68	1	3801797	0.00938762143870756	PaysLoire	18	0.414857157341485	0.527983470053214
REG-52	2020-04-05	32	7	0	2	64	1	3801797	0.00938762143870756	PaysLoire	19	0.391338615284838	0.595355056409075
REG-52	2020-04-06	33	7	0	2	75	1	3801797	0.00938762143870756	PaysLoire	20	0.367228452285202	0.663533723638561
REG-53	2020-03-02	0	13	0	1	12	0	3340379	0.0182745022602674	Bretagne	0	0	0
REG-53	2020-03-03	1	13	0	1	6	0	3340379	0.0182745022602674	Bretagne	0	0.0476896119979971	-0.0297695643500602
REG-53	2020-03-04	2	13	0	1	4	0	3340379	0.0182745022602674	Bretagne	0	0.0950834135245003	-0.0591355882633083
REG-53	2020-03-05	3	13	0	1	6	0	3340379	0.0182745022602674	Bretagne	0	0.141885594108015	-0.0876945313029323
REG-53	2020-03-06	4	13	0	1	3	0	3340379	0.0182745022602674	Bretagne	0	0.187800343277048	-0.11504285303212
REG-53	2020-03-07	5	13	0	1	8	0	3340379	0.0182745022602674	Bretagne	0	0.232531850560105	-0.14077701301406
REG-53	2020-03-08	6	13	0	1	0	0	3340379	0.0182745022602674	Bretagne	0	0.275784305485692	-0.164493470811939
REG-53	2020-03-09	7	13	0	1	0	0	3340379	0.0182745022602674	Bretagne	0	0.317261897582315	-0.185788685988947
REG-53	2020-03-10	8	13	0	1	41	0	3340379	0.0182745022602674	Bretagne	0	0.356668816378479	-0.20425911810827
REG-53	2020-03-11	9	13	0	1	13	0	3340379	0.0182745022602674	Bretagne	0	0.393709251402692	-0.219501226733096
REG-53	2020-03-12	10	13	0	1	23	0	3340379	0.0182745022602674	Bretagne	0	0.428087392183458	-0.231111471426614
REG-53	2020-03-13	11	13	0	1	38	0	3340379	0.0182745022602674	Bretagne	0	0.459507428249284	-0.238686311752012
REG-53	2020-03-14	12	13	0	1	27	0	3340379	0.0182745022602674	Bretagne	0	0.487673549128675	-0.241822207272477
REG-53	2020-03-15	13	13	0	1	25	0	3340379	0.0182745022602674	Bretagne	0	0.512289944350139	-0.240115617551198
REG-53	2020-03-16	14	13	0	1	26	0	3340379	0.0182745022602674	Bretagne	0	0.53306080344218	-0.233163002151362
REG-53	2020-03-17	15	13	0	1	14	0	3340379	0.0182745022602674	Bretagne	0	0.549772485508719	-0.220672915201939
REG-53	2020-03-18	16	13	0	1	26	1	3340379	0.0182745022602674	Bretagne	1	0.562540027955339	-0.202802289095022
REG-53	2020-03-19	17	13	0	1	24	1	3340379	0.0182745022602674	Bretagne	2	0.571560637763034	-0.179820150788485
REG-53	2020-03-20	18	13	0	1	49	1	3340379	0.0182745022602674	Bretagne	3	0.577031521912801	-0.151995527240204
REG-53	2020-03-21	19	13	0	1	13	1	3340379	0.0182745022602674	Bretagne	4	0.579149887385636	-0.119597445408053
REG-53	2020-03-22	20	13	0	1	38	1	3340379	0.0182745022602674	Bretagne	5	0.578112941162534	-0.0828949322499075
REG-53	2020-03-23	21	13	0	1	93	1	3340379	0.0182745022602674	Bretagne	6	0.574117890224492	-0.042157014723641
REG-53	2020-03-24	22	13	0	1	36	1	3340379	0.0182745022602674	Bretagne	7	0.567361941552506	0.00234728021287112
REG-53	2020-03-25	23	13	0	1	77	1	3340379	0.0182745022602674	Bretagne	8	0.558042302127572	0.0503489256017543
REG-53	2020-03-03	1	13	0	2	1	0	3340379	0.0182745022602674	Bretagne	0	0.0476896119979971	-0.0297695643500602
REG-53	2020-03-06	4	13	0	2	2	0	3340379	0.0182745022602674	Bretagne	0	0.187800343277048	-0.11504285303212
REG-53	2020-03-10	8	13	0	2	1	0	3340379	0.0182745022602674	Bretagne	0	0.356668816378479	-0.20425911810827
REG-53	2020-03-12	10	13	0	2	3	0	3340379	0.0182745022602674	Bretagne	0	0.428087392183458	-0.231111471426614
REG-53	2020-03-13	11	13	0	2	1	0	3340379	0.0182745022602674	Bretagne	0	0.459507428249284	-0.238686311752012
REG-53	2020-03-14	12	13	0	2	7	0	3340379	0.0182745022602674	Bretagne	0	0.487673549128675	-0.241822207272477
REG-53	2020-03-15	13	13	0	2	8	0	3340379	0.0182745022602674	Bretagne	0	0.512289944350139	-0.240115617551198
REG-53	2020-03-16	14	13	0	2	14	0	3340379	0.0182745022602674	Bretagne	0	0.53306080344218	-0.233163002151362
REG-53	2020-03-17	15	13	0	2	20	0	3340379	0.0182745022602674	Bretagne	0	0.549772485508719	-0.220672915201939
REG-53	2020-03-18	16	13	0	2	14	1	3340379	0.0182745022602674	Bretagne	1	0.562540027955339	-0.202802289095022
REG-53	2020-03-19	17	13	0	2	25	1	3340379	0.0182745022602674	Bretagne	2	0.571560637763034	-0.179820150788485
REG-53	2020-03-20	18	13	0	2	16	1	3340379	0.0182745022602674	Bretagne	3	0.577031521912801	-0.151995527240204
REG-53	2020-03-21	19	13	0	2	25	1	3340379	0.0182745022602674	Bretagne	4	0.579149887385636	-0.119597445408053
REG-53	2020-03-22	20	13	0	2	20	1	3340379	0.0182745022602674	Bretagne	5	0.578112941162534	-0.0828949322499075
REG-53	2020-03-23	21	13	0	2	36	1	3340379	0.0182745022602674	Bretagne	6	0.574117890224492	-0.042157014723641
REG-53	2020-03-24	22	13	0	2	35	1	3340379	0.0182745022602674	Bretagne	7	0.567361941552506	0.00234728021287112
REG-53	2020-03-25	23	13	0	2	45	1	3340379	0.0182745022602674	Bretagne	8	0.558042302127572	0.0503489256017543
REG-53	2020-03-26	24	13	0	2	40	1	3340379	0.0182745022602674	Bretagne	9	0.546356178930686	0.101578894485134
REG-53	2020-03-27	25	13	0	2	45	1	3340379	0.0182745022602674	Bretagne	10	0.532500778942843	0.155768159905135
REG-53	2020-03-28	26	13	0	2	45	1	3340379	0.0182745022602674	Bretagne	11	0.51667330914504	0.212647694903883
REG-53	2020-03-29	27	13	0	2	29	1	3340379	0.0182745022602674	Bretagne	12	0.499070976518274	0.271948472523504
REG-53	2020-03-30	28	13	0	2	41	1	3340379	0.0182745022602674	Bretagne	13	0.479890988043539	0.333401465806122
REG-53	2020-03-31	29	13	0	2	40	1	3340379	0.0182745022602674	Bretagne	14	0.459330550701831	0.396737647793863
REG-53	2020-04-01	30	13	0	2	41	1	3340379	0.0182745022602674	Bretagne	15	0.437586871474148	0.461687991528852
REG-53	2020-04-02	31	13	0	2	39	1	3340379	0.0182745022602674	Bretagne	16	0.414857157341485	0.527983470053214
REG-53	2020-04-03	32	13	0	2	34	1	3340379	0.0182745022602674	Bretagne	17	0.391338615284838	0.595355056409075
REG-53	2020-04-04	33	13	0	2	33	1	3340379	0.0182745022602674	Bretagne	18	0.367228452285202	0.663533723638561
REG-53	2020-04-05	34	13	0	2	38	1	3340379	0.0182745022602674	Bretagne	19	0.342723875323575	0.732250444783796
REG-53	2020-04-06	35	13	0	2	35	1	3340379	0.0182745022602674	Bretagne	20	0.318022091380952	0.801236192886905
REG-76	2020-03-02	0	6	0	1	5	0	5924858	0.0262431786130357	Occitanie	0	0	0
REG-76	2020-03-03	1	6	0	1	1	0	5924858	0.0262431786130357	Occitanie	0	0.0476896119979971	-0.0297695643500602
REG-76	2020-03-04	2	6	0	1	2	0	5924858	0.0262431786130357	Occitanie	0	0.0950834135245003	-0.0591355882633083
REG-76	2020-03-05	3	6	0	1	2	0	5924858	0.0262431786130357	Occitanie	0	0.141885594108015	-0.0876945313029323
REG-76	2020-03-06	4	6	0	1	7	0	5924858	0.0262431786130357	Occitanie	0	0.187800343277048	-0.11504285303212
REG-76	2020-03-07	5	6	0	1	18	0	5924858	0.0262431786130357	Occitanie	0	0.232531850560105	-0.14077701301406
REG-76	2020-03-08	6	6	0	1	0	0	5924858	0.0262431786130357	Occitanie	0	0.275784305485692	-0.164493470811939
REG-76	2020-03-09	7	6	0	1	0	0	5924858	0.0262431786130357	Occitanie	0	0.317261897582315	-0.185788685988947
REG-76	2020-03-10	8	6	0	1	25	0	5924858	0.0262431786130357	Occitanie	0	0.356668816378479	-0.20425911810827
REG-76	2020-03-11	9	6	0	1	26	0	5924858	0.0262431786130357	Occitanie	0	0.393709251402692	-0.219501226733096
REG-76	2020-03-12	10	6	0	1	46	0	5924858	0.0262431786130357	Occitanie	0	0.428087392183458	-0.231111471426614
REG-76	2020-03-13	11	6	0	1	39	0	5924858	0.0262431786130357	Occitanie	0	0.459507428249284	-0.238686311752012
REG-76	2020-03-14	12	6	0	1	42	0	5924858	0.0262431786130357	Occitanie	0	0.487673549128675	-0.241822207272477
REG-76	2020-03-15	13	6	0	1	29	0	5924858	0.0262431786130357	Occitanie	0	0.512289944350139	-0.240115617551198
REG-76	2020-03-16	14	6	0	1	19	0	5924858	0.0262431786130357	Occitanie	0	0.53306080344218	-0.233163002151362
REG-76	2020-03-17	15	6	0	1	49	0	5924858	0.0262431786130357	Occitanie	0	0.549772485508719	-0.220672915201939
REG-76	2020-03-18	16	6	0	1	60	1	5924858	0.0262431786130357	Occitanie	1	0.562540027955339	-0.202802289095022
REG-76	2020-03-19	17	6	0	1	73	1	5924858	0.0262431786130357	Occitanie	2	0.571560637763034	-0.179820150788485
REG-76	2020-03-20	18	6	0	1	93	1	5924858	0.0262431786130357	Occitanie	3	0.577031521912801	-0.151995527240204
REG-76	2020-03-21	19	6	0	1	74	1	5924858	0.0262431786130357	Occitanie	4	0.579149887385636	-0.119597445408053
REG-76	2020-03-22	20	6	0	1	60	1	5924858	0.0262431786130357	Occitanie	5	0.578112941162534	-0.0828949322499075
REG-76	2020-03-23	21	6	0	1	96	1	5924858	0.0262431786130357	Occitanie	6	0.574117890224492	-0.042157014723641
REG-76	2020-03-24	22	6	0	1	133	1	5924858	0.0262431786130357	Occitanie	7	0.567361941552506	0.00234728021287112
REG-76	2020-03-25	23	6	0	1	182	1	5924858	0.0262431786130357	Occitanie	8	0.558042302127572	0.0503489256017543
REG-76	2020-03-05	3	6	0	2	4	0	5924858	0.0262431786130357	Occitanie	0	0.141885594108015	-0.0876945313029323
REG-76	2020-03-06	4	6	0	2	2	0	5924858	0.0262431786130357	Occitanie	0	0.187800343277048	-0.11504285303212
REG-76	2020-03-07	5	6	0	2	4	0	5924858	0.0262431786130357	Occitanie	0	0.232531850560105	-0.14077701301406
REG-76	2020-03-08	6	6	0	2	8	0	5924858	0.0262431786130357	Occitanie	0	0.275784305485692	-0.164493470811939
REG-76	2020-03-09	7	6	0	2	7	0	5924858	0.0262431786130357	Occitanie	0	0.317261897582315	-0.185788685988947
REG-76	2020-03-10	8	6	0	2	13	0	5924858	0.0262431786130357	Occitanie	0	0.356668816378479	-0.20425911810827
REG-76	2020-03-11	9	6	0	2	9	0	5924858	0.0262431786130357	Occitanie	0	0.393709251402692	-0.219501226733096
REG-76	2020-03-12	10	6	0	2	10	0	5924858	0.0262431786130357	Occitanie	0	0.428087392183458	-0.231111471426614
REG-76	2020-03-13	11	6	0	2	38	0	5924858	0.0262431786130357	Occitanie	0	0.459507428249284	-0.238686311752012
REG-76	2020-03-14	12	6	0	2	45	0	5924858	0.0262431786130357	Occitanie	0	0.487673549128675	-0.241822207272477
REG-76	2020-03-15	13	6	0	2	47	0	5924858	0.0262431786130357	Occitanie	0	0.512289944350139	-0.240115617551198
REG-76	2020-03-16	14	6	0	2	57	0	5924858	0.0262431786130357	Occitanie	0	0.53306080344218	-0.233163002151362
REG-76	2020-03-17	15	6	0	2	52	0	5924858	0.0262431786130357	Occitanie	0	0.549772485508719	-0.220672915201939
REG-76	2020-03-18	16	6	0	2	46	1	5924858	0.0262431786130357	Occitanie	1	0.562540027955339	-0.202802289095022
REG-76	2020-03-19	17	6	0	2	37	1	5924858	0.0262431786130357	Occitanie	2	0.571560637763034	-0.179820150788485
REG-76	2020-03-20	18	6	0	2	31	1	5924858	0.0262431786130357	Occitanie	3	0.577031521912801	-0.151995527240204
REG-76	2020-03-21	19	6	0	2	41	1	5924858	0.0262431786130357	Occitanie	4	0.579149887385636	-0.119597445408053
REG-76	2020-03-22	20	6	0	2	32	1	5924858	0.0262431786130357	Occitanie	5	0.578112941162534	-0.0828949322499075
REG-76	2020-03-23	21	6	0	2	70	1	5924858	0.0262431786130357	Occitanie	6	0.574117890224492	-0.042157014723641
REG-76	2020-03-24	22	6	0	2	61	1	5924858	0.0262431786130357	Occitanie	7	0.567361941552506	0.00234728021287112
REG-76	2020-03-25	23	6	0	2	59	1	5924858	0.0262431786130357	Occitanie	8	0.558042302127572	0.0503489256017543
REG-76	2020-03-26	24	6	0	2	69	1	5924858	0.0262431786130357	Occitanie	9	0.546356178930686	0.101578894485134
REG-76	2020-03-27	25	6	0	2	75	1	5924858	0.0262431786130357	Occitanie	10	0.532500778942843	0.155768159905135
REG-76	2020-03-28	26	6	0	2	132	1	5924858	0.0262431786130357	Occitanie	11	0.51667330914504	0.212647694903883
REG-76	2020-03-29	27	6	0	2	122	1	5924858	0.0262431786130357	Occitanie	12	0.499070976518274	0.271948472523504
REG-76	2020-03-30	28	6	0	2	136	1	5924858	0.0262431786130357	Occitanie	13	0.479890988043539	0.333401465806122
REG-76	2020-03-31	29	6	0	2	113	1	5924858	0.0262431786130357	Occitanie	14	0.459330550701831	0.396737647793863
REG-76	2020-04-01	30	6	0	2	103	1	5924858	0.0262431786130357	Occitanie	15	0.437586871474148	0.461687991528852
REG-76	2020-04-02	31	6	0	2	109	1	5924858	0.0262431786130357	Occitanie	16	0.414857157341485	0.527983470053214
REG-76	2020-04-03	32	6	0	2	82	1	5924858	0.0262431786130357	Occitanie	17	0.391338615284838	0.595355056409075
REG-76	2020-04-04	33	6	0	2	69	1	5924858	0.0262431786130357	Occitanie	18	0.367228452285202	0.663533723638561
REG-76	2020-04-05	34	6	0	2	71	1	5924858	0.0262431786130357	Occitanie	19	0.342723875323575	0.732250444783796
REG-76	2020-04-06	35	6	0	2	78	1	5924858	0.0262431786130357	Occitanie	20	0.318022091380952	0.801236192886905
REG-93	2020-03-02	0	9	0	1	9	0	5055651	0.053534730785039	PACA	0	0	0
REG-93	2020-03-03	1	9	0	1	1	0	5055651	0.053534730785039	PACA	0	0.0476896119979971	-0.0297695643500602
REG-93	2020-03-04	2	9	0	1	3	0	5055651	0.053534730785039	PACA	0	0.0950834135245003	-0.0591355882633083
REG-93	2020-03-05	3	9	0	1	5	0	5055651	0.053534730785039	PACA	0	0.141885594108015	-0.0876945313029323
REG-93	2020-03-06	4	9	0	1	8	0	5055651	0.053534730785039	PACA	0	0.187800343277048	-0.11504285303212
REG-93	2020-03-07	5	9	0	1	12	0	5055651	0.053534730785039	PACA	0	0.232531850560105	-0.14077701301406
REG-93	2020-03-08	6	9	0	1	0	0	5055651	0.053534730785039	PACA	0	0.275784305485692	-0.164493470811939
REG-93	2020-03-09	7	9	0	1	0	0	5055651	0.053534730785039	PACA	0	0.317261897582315	-0.185788685988947
REG-93	2020-03-10	8	9	0	1	51	0	5055651	0.053534730785039	PACA	0	0.356668816378479	-0.20425911810827
REG-93	2020-03-11	9	9	0	1	22	0	5055651	0.053534730785039	PACA	0	0.393709251402692	-0.219501226733096
REG-93	2020-03-12	10	9	0	1	36	0	5055651	0.053534730785039	PACA	0	0.428087392183458	-0.231111471426614
REG-93	2020-03-13	11	9	0	1	65	0	5055651	0.053534730785039	PACA	0	0.459507428249284	-0.238686311752012
REG-93	2020-03-14	12	9	0	1	69	0	5055651	0.053534730785039	PACA	0	0.487673549128675	-0.241822207272477
REG-93	2020-03-15	13	9	0	1	49	0	5055651	0.053534730785039	PACA	0	0.512289944350139	-0.240115617551198
REG-93	2020-03-16	14	9	0	1	75	0	5055651	0.053534730785039	PACA	0	0.53306080344218	-0.233163002151362
REG-93	2020-03-17	15	9	0	1	73	0	5055651	0.053534730785039	PACA	0	0.549772485508719	-0.220672915201939
REG-93	2020-03-18	16	9	0	1	96	1	5055651	0.053534730785039	PACA	1	0.562540027955339	-0.202802289095022
REG-93	2020-03-19	17	9	0	1	119	1	5055651	0.053534730785039	PACA	2	0.571560637763034	-0.179820150788485
REG-93	2020-03-20	18	9	0	1	133	1	5055651	0.053534730785039	PACA	3	0.577031521912801	-0.151995527240204
REG-93	2020-03-21	19	9	0	1	215	1	5055651	0.053534730785039	PACA	4	0.579149887385636	-0.119597445408053
REG-93	2020-03-22	20	9	0	1	331	1	5055651	0.053534730785039	PACA	5	0.578112941162534	-0.0828949322499075
REG-93	2020-03-23	21	9	0	1	138	1	5055651	0.053534730785039	PACA	6	0.574117890224492	-0.042157014723641
REG-93	2020-03-24	22	9	0	1	85	1	5055651	0.053534730785039	PACA	7	0.567361941552506	0.00234728021287112
REG-93	2020-03-25	23	9	0	1	332	1	5055651	0.053534730785039	PACA	8	0.558042302127572	0.0503489256017543
REG-93	2020-03-03	1	9	0	2	6	0	5055651	0.053534730785039	PACA	0	0.0476896119979971	-0.0297695643500602
REG-93	2020-03-04	2	9	0	2	6	0	5055651	0.053534730785039	PACA	0	0.0950834135245003	-0.0591355882633083
REG-93	2020-03-05	3	9	0	2	12	0	5055651	0.053534730785039	PACA	0	0.141885594108015	-0.0876945313029323
REG-93	2020-03-06	4	9	0	2	22	0	5055651	0.053534730785039	PACA	0	0.187800343277048	-0.11504285303212
REG-93	2020-03-07	5	9	0	2	19	0	5055651	0.053534730785039	PACA	0	0.232531850560105	-0.14077701301406
REG-93	2020-03-08	6	9	0	2	25	0	5055651	0.053534730785039	PACA	0	0.275784305485692	-0.164493470811939
REG-93	2020-03-09	7	9	0	2	35	0	5055651	0.053534730785039	PACA	0	0.317261897582315	-0.185788685988947
REG-93	2020-03-10	8	9	0	2	22	0	5055651	0.053534730785039	PACA	0	0.356668816378479	-0.20425911810827
REG-93	2020-03-11	9	9	0	2	43	0	5055651	0.053534730785039	PACA	0	0.393709251402692	-0.219501226733096
REG-93	2020-03-12	10	9	0	2	20	0	5055651	0.053534730785039	PACA	0	0.428087392183458	-0.231111471426614
REG-93	2020-03-13	11	9	0	2	57	0	5055651	0.053534730785039	PACA	0	0.459507428249284	-0.238686311752012
REG-93	2020-03-14	12	9	0	2	41	0	5055651	0.053534730785039	PACA	0	0.487673549128675	-0.241822207272477
REG-93	2020-03-15	13	9	0	2	39	0	5055651	0.053534730785039	PACA	0	0.512289944350139	-0.240115617551198
REG-93	2020-03-16	14	9	0	2	44	0	5055651	0.053534730785039	PACA	0	0.53306080344218	-0.233163002151362
REG-93	2020-03-17	15	9	0	2	58	0	5055651	0.053534730785039	PACA	0	0.549772485508719	-0.220672915201939
REG-93	2020-03-18	16	9	0	2	56	1	5055651	0.053534730785039	PACA	1	0.562540027955339	-0.202802289095022
REG-93	2020-03-19	17	9	0	2	70	1	5055651	0.053534730785039	PACA	2	0.571560637763034	-0.179820150788485
REG-93	2020-03-20	18	9	0	2	82	1	5055651	0.053534730785039	PACA	3	0.577031521912801	-0.151995527240204
REG-93	2020-03-21	19	9	0	2	92	1	5055651	0.053534730785039	PACA	4	0.579149887385636	-0.119597445408053
REG-93	2020-03-22	20	9	0	2	90	1	5055651	0.053534730785039	PACA	5	0.578112941162534	-0.0828949322499075
REG-93	2020-03-23	21	9	0	2	145	1	5055651	0.053534730785039	PACA	6	0.574117890224492	-0.042157014723641
REG-93	2020-03-24	22	9	0	2	118	1	5055651	0.053534730785039	PACA	7	0.567361941552506	0.00234728021287112
REG-93	2020-03-25	23	9	0	2	139	1	5055651	0.053534730785039	PACA	8	0.558042302127572	0.0503489256017543
REG-93	2020-03-26	24	9	0	2	152	1	5055651	0.053534730785039	PACA	9	0.546356178930686	0.101578894485134
REG-93	2020-03-27	25	9	0	2	204	1	5055651	0.053534730785039	PACA	10	0.532500778942843	0.155768159905135
REG-93	2020-03-28	26	9	0	2	182	1	5055651	0.053534730785039	PACA	11	0.51667330914504	0.212647694903883
REG-93	2020-03-29	27	9	0	2	152	1	5055651	0.053534730785039	PACA	12	0.499070976518274	0.271948472523504
REG-93	2020-03-30	28	9	0	2	167	1	5055651	0.053534730785039	PACA	13	0.479890988043539	0.333401465806122
REG-93	2020-03-31	29	9	0	2	136	1	5055651	0.053534730785039	PACA	14	0.459330550701831	0.396737647793863
REG-93	2020-04-01	30	9	0	2	139	1	5055651	0.053534730785039	PACA	15	0.437586871474148	0.461687991528852
REG-93	2020-04-02	31	9	0	2	130	1	5055651	0.053534730785039	PACA	16	0.414857157341485	0.527983470053214
REG-93	2020-04-03	32	9	0	2	149	1	5055651	0.053534730785039	PACA	17	0.391338615284838	0.595355056409075
REG-93	2020-04-04	33	9	0	2	102	1	5055651	0.053534730785039	PACA	18	0.367228452285202	0.663533723638561
REG-93	2020-04-05	34	9	0	2	95	1	5055651	0.053534730785039	PACA	19	0.342723875323575	0.732250444783796
REG-93	2020-04-06	35	9	0	2	109	1	5055651	0.053534730785039	PACA	20	0.318022091380952	0.801236192886905
REG-94	2020-03-10	0	42	31	1	37	0	344679	0.148471615720524	Corse	0	0	0
REG-94	2020-03-11	1	42	31	1	9	0	344679	0.148471615720524	Corse	0	0.0476896119979971	-0.0297695643500602
REG-94	2020-03-12	2	42	31	1	13	0	344679	0.148471615720524	Corse	0	0.0950834135245003	-0.0591355882633083
REG-94	2020-03-13	3	42	31	1	21	0	344679	0.148471615720524	Corse	0	0.141885594108015	-0.0876945313029323
REG-94	2020-03-14	4	42	31	1	21	0	344679	0.148471615720524	Corse	0	0.187800343277048	-0.11504285303212
REG-94	2020-03-15	5	42	31	1	9	0	344679	0.148471615720524	Corse	0	0.232531850560105	-0.14077701301406
REG-94	2020-03-16	6	42	31	1	11	0	344679	0.148471615720524	Corse	0	0.275784305485692	-0.164493470811939
REG-94	2020-03-17	7	42	31	1	19	0	344679	0.148471615720524	Corse	0	0.317261897582315	-0.185788685988947
REG-94	2020-03-18	8	42	31	1	7	1	344679	0.148471615720524	Corse	1	0.356668816378479	-0.20425911810827
REG-94	2020-03-19	9	42	31	1	10	1	344679	0.148471615720524	Corse	2	0.393709251402692	-0.219501226733096
REG-94	2020-03-20	10	42	31	1	6	1	344679	0.148471615720524	Corse	3	0.428087392183458	-0.231111471426614
REG-94	2020-03-21	11	42	31	1	5	1	344679	0.148471615720524	Corse	4	0.459507428249284	-0.238686311752012
REG-94	2020-03-22	12	42	31	1	10	1	344679	0.148471615720524	Corse	5	0.487673549128675	-0.241822207272477
REG-94	2020-03-23	13	42	31	1	11	1	344679	0.148471615720524	Corse	6	0.512289944350139	-0.240115617551198
REG-94	2020-03-24	14	42	31	1	23	1	344679	0.148471615720524	Corse	7	0.53306080344218	-0.233163002151362
REG-94	2020-03-25	15	42	31	1	8	1	344679	0.148471615720524	Corse	8	0.549772485508719	-0.220672915201939
REG-94	2020-03-11	1	42	31	2	19	0	344679	0.148471615720524	Corse	0	0.0476896119979971	-0.0297695643500602
REG-94	2020-03-12	2	42	31	2	26	0	344679	0.148471615720524	Corse	0	0.0950834135245003	-0.0591355882633083
REG-94	2020-03-13	3	42	31	2	38	0	344679	0.148471615720524	Corse	0	0.141885594108015	-0.0876945313029323
REG-94	2020-03-14	4	42	31	2	20	0	344679	0.148471615720524	Corse	0	0.187800343277048	-0.11504285303212
REG-94	2020-03-15	5	42	31	2	35	0	344679	0.148471615720524	Corse	0	0.232531850560105	-0.14077701301406
REG-94	2020-03-16	6	42	31	2	35	0	344679	0.148471615720524	Corse	0	0.275784305485692	-0.164493470811939
REG-94	2020-03-17	7	42	31	2	33	0	344679	0.148471615720524	Corse	0	0.317261897582315	-0.185788685988947
REG-94	2020-03-18	8	42	31	2	27	1	344679	0.148471615720524	Corse	1	0.356668816378479	-0.20425911810827
REG-94	2020-03-19	9	42	31	2	39	1	344679	0.148471615720524	Corse	2	0.393709251402692	-0.219501226733096
REG-94	2020-03-20	10	42	31	2	39	1	344679	0.148471615720524	Corse	3	0.428087392183458	-0.231111471426614
REG-94	2020-03-21	11	42	31	2	24	1	344679	0.148471615720524	Corse	4	0.459507428249284	-0.238686311752012
REG-94	2020-03-22	12	42	31	2	40	1	344679	0.148471615720524	Corse	5	0.487673549128675	-0.241822207272477
REG-94	2020-03-23	13	42	31	2	91	1	344679	0.148471615720524	Corse	6	0.512289944350139	-0.240115617551198
REG-94	2020-03-24	14	42	31	2	95	1	344679	0.148471615720524	Corse	7	0.53306080344218	-0.233163002151362
REG-94	2020-03-25	15	42	31	2	47	1	344679	0.148471615720524	Corse	8	0.549772485508719	-0.220672915201939
REG-94	2020-03-26	16	42	31	2	67	1	344679	0.148471615720524	Corse	9	0.562540027955339	-0.202802289095022
REG-94	2020-03-27	17	42	31	2	68	1	344679	0.148471615720524	Corse	10	0.571560637763034	-0.179820150788485
REG-94	2020-03-28	18	42	31	2	41	1	344679	0.148471615720524	Corse	11	0.577031521912801	-0.151995527240204
REG-94	2020-03-29	19	42	31	2	44	1	344679	0.148471615720524	Corse	12	0.579149887385636	-0.119597445408053
REG-94	2020-03-30	20	42	31	2	53	1	344679	0.148471615720524	Corse	13	0.578112941162534	-0.0828949322499075
REG-94	2020-03-31	21	42	31	2	40	1	344679	0.148471615720524	Corse	14	0.574117890224492	-0.042157014723641
REG-94	2020-04-01	22	42	31	2	47	1	344679	0.148471615720524	Corse	15	0.567361941552506	0.00234728021287112
REG-94	2020-04-02	23	42	31	2	43	1	344679	0.148471615720524	Corse	16	0.558042302127572	0.0503489256017543
REG-94	2020-04-03	24	42	31	2	28	1	344679	0.148471615720524	Corse	17	0.546356178930686	0.101578894485134
REG-94	2020-04-04	25	42	31	2	5	1	344679	0.148471615720524	Corse	18	0.532500778942843	0.155768159905135
REG-94	2020-04-05	26	42	31	2	14	1	344679	0.148471615720524	Corse	19	0.51667330914504	0.212647694903883
REG-94	2020-04-06	27	42	31	2	20	1	344679	0.148471615720524	Corse	20	0.499070976518274	0.271948472523504
