rep,id,eta_b1,eta_Dq,eta_E0,eta_A0,eta_betat1
1,IDF,0.196793299209313,0.551998528660038,0.823779822102647,0.468002827283597,0
2,IDF,0.199624099254559,0.575269907876312,0.823837509250666,0.463929908641848,0
3,IDF,0.202260992762275,0.565214457987255,0.940979618539595,-0.214700879984422,0
4,IDF,0.201078858411508,0.594867041799632,0.63283928018022,0.87863100180682,0
5,IDF,0.194150369182415,0.572398926090188,0.618408906105592,0.962186216760146,0
6,IDF,0.183231254689226,0.483682987073852,0.858026055135277,0.555573277151598,0
7,IDF,0.199501734079537,0.56120696049562,0.756923889210509,0.630470843934174,0
8,IDF,0.199014314416733,0.607662091113751,0.964101785628146,-0.234959923203028,0
9,IDF,0.199439662385284,0.60522446964762,0.785506537382201,0.61747596350381,0
10,IDF,0.191795382538969,0.534527195280031,0.623848979665237,0.986466815663054,0
1,NAquitaine,0.273234164995855,-0.907050395206108,-0.756116165696404,-1.83562988337019,0
2,NAquitaine,0.291043753123072,-0.345038541528109,-2.15844740478996,-0.0387991397170927,0
3,NAquitaine,0.26622488188281,-0.666464128877424,-1.15155151096275,-0.603885575199348,0
4,NAquitaine,0.272627844473455,-0.483851767755619,-2.29353158399462,0.0239587480251431,0
5,NAquitaine,0.248295848998629,-0.701112411629235,-1.48627427700561,-0.171562977138928,0
6,NAquitaine,0.239950951267501,-0.694978207072636,-0.749874036678423,-0.933133023615426,0
7,NAquitaine,0.269900732946953,-0.629383743972906,-2.08235178331922,-0.0108164948642993,0
8,NAquitaine,0.276450030051626,-0.668915974563826,-2.01075443152875,-0.105843050762164,0
9,NAquitaine,0.261204559627093,-0.48509858329971,-1.51402873254523,-0.164266507389501,0
10,NAquitaine,0.278305111256291,-0.602250909139227,-1.72593682334228,-0.245956478072452,0
1,AURA,0.153056261680118,-0.573996019772848,0.29355783103081,-0.601774080335099,0
2,AURA,0.176700185003869,-0.467420968960699,0.26963067890604,-1.60810366402097,0
3,AURA,0.153526599122905,-0.61851861155324,0.399527375096251,-1.830902568961,0
4,AURA,0.151826642306879,-0.428006532715705,0.42737477232407,-1.65423602314316,0
5,AURA,0.165362800141762,-0.499113731842262,0.368035695495062,-2.28749629310223,0
6,AURA,0.156498260359662,-0.434176144100324,0.348623126663938,-1.14548981325079,0
7,AURA,0.165552296093582,-0.606046413155169,0.358186703711694,-2.29400468973115,0
8,AURA,0.160438462556053,-0.476851404072259,0.368446853086405,-2.14654562479592,0
9,AURA,0.155047198878532,-0.489351197624188,0.333047794990053,-0.999488406690263,0
10,AURA,0.174529678441725,-0.397718848637331,0.311354065376272,-2.10573851181015,0
1,Centre,0.415447789471616,1.60931169596724,-0.399197464064403,-0.0749623985956534,0
2,Centre,0.349588965891823,1.476350545194,-1.02239674712473,0.779519676124228,0
3,Centre,0.30629032252947,1.30027080444032,-0.86328840168824,0.913540941173708,0
4,Centre,0.328736542966355,1.38086789360968,-1.35026698086416,0.968743747353584,0
5,Centre,0.360093093885554,1.35678361676345,-0.390317566971131,0.290693650413871,0
6,Centre,0.349054565364072,1.33142352682824,-0.316416940384747,0.175229294969473,0
7,Centre,0.31849868343189,1.35477910319115,-0.867188141330063,0.83397690662208,0
8,Centre,0.331405160295348,1.47903010726607,-0.724929874383409,0.742634654307911,0
9,Centre,0.29795833075703,1.47429923910457,-0.615795203746403,0.894366189179196,0
10,Centre,0.397923161091113,1.47428213510265,-0.79328281167943,0.487414097839618,0
1,BFC,0.067000311407292,-0.0737415406895282,-0.889600726321953,-0.373096745611111,0
2,BFC,0.0558217925661782,-0.498968670605093,-1.36247504254587,0.103579244350842,0
3,BFC,0.0658444320446548,-0.363427923607544,-0.559667238608037,-1.37486646593586,0
4,BFC,0.0437750527663488,-0.471595598669098,-1.06417814189638,-0.051175286375136,0
5,BFC,0.0522824621110029,-0.256559774948123,-0.537759876298505,-0.998374629782298,0
6,BFC,0.0375593692450279,-0.522245282056293,-0.61460257619869,-0.590406477894923,0
7,BFC,0.0555730480543507,-0.246157945713613,-1.68635742883073,0.256321100727163,0
8,BFC,0.047664357993055,-0.365691352643665,-0.524160633119,-1.15836937420001,0
9,BFC,0.0485855471026312,-0.36206499318301,-0.702288472436707,-0.478114541919125,0
10,BFC,0.0639821268446015,-0.428738030619084,-0.84275602576228,-0.453387297720865,0
1,Normandie,0.185468841846703,1.01312566330569,1.12415660916192,-1.387845453986,0
2,Normandie,0.243669951595702,1.27307731140777,1.02256969937269,-0.330403473888916,0
3,Normandie,0.22347313345046,1.29798794666838,1.18293004129448,-1.12811885434896,0
4,Normandie,0.228388893775494,1.20536701840055,1.10423434784606,-1.25941267430078,0
5,Normandie,0.23201336164312,1.14477074971423,0.983127994445679,-0.13804414614749,0
6,Normandie,0.223557872127331,1.38788232166576,1.14367221545178,-1.24226854098285,0
7,Normandie,0.208396516872279,1.17583379242967,1.09378042765688,-0.0959441630407716,0
8,Normandie,0.237185695331024,1.32698570134757,1.06333178877072,-0.296808481216835,0
9,Normandie,0.225002238449176,1.1935423007839,1.12580860244019,-0.576431171410948,0
10,Normandie,0.197405916022418,1.19836949590343,1.13716284791067,-0.121854096976881,0
1,HDF,0.0999548839845505,0.637193760732772,0.682293800179525,-0.399780764942381,0
2,HDF,0.125619429244057,0.70683865303389,0.654363087892822,-1.60171458557465,0
3,HDF,0.10451908521422,0.730609866645707,0.762281555545837,-1.14330216552901,0
4,HDF,0.128234473275142,0.646619401491978,0.680409658433943,-2.2867046613756,0
5,HDF,0.0925926174033753,0.687438325143328,0.845131267920831,-2.32921932737468,0
6,HDF,0.11664990019241,0.784434018587866,0.738058514337786,-2.02725492319622,0
7,HDF,0.121254035004283,0.640136790775174,0.65735963772922,-1.39146443167929,0
8,HDF,0.127545315603823,0.739486914711729,0.658322008634033,-2.26160814555797,0
9,HDF,0.123632814722731,0.718122728370385,0.675598761551232,-1.23681469964697,0
10,HDF,0.0944198495724958,0.659984027845366,0.808787472343612,-2.13827341839387,0
1,GrandEst,0.0765612058921726,0.890264318614018,-0.506729344969575,1.73998473314754,0
2,GrandEst,0.0882638906397423,0.849988767280261,-0.116331459563346,1.49486785007105,0
3,GrandEst,0.0730746305284032,0.871444755845687,-0.378332934746146,1.7053170720051,0
4,GrandEst,0.0718559663337041,0.871658512280115,-0.106134682287943,1.62867265715212,0
5,GrandEst,0.0764374348214057,0.877714668110388,-0.0557134120643099,1.58750631754026,0
6,GrandEst,0.062004746825833,0.846861191323977,-0.597941883378341,1.83181186987909,0
7,GrandEst,0.0690860898312916,0.890104117768419,-0.0139495036505282,1.60448953342576,0
8,GrandEst,0.0816670853978824,0.902966822741257,0.158445657303827,1.43473767701176,0
9,GrandEst,0.0876604391373074,0.879053067574997,-0.444695195210579,1.65505193844078,0
10,GrandEst,0.0738184044783607,0.901005592250602,-0.200364461853978,1.65744789150276,0
1,PaysLoire,0.273927134448902,-4.31153559527026,-0.171623111051972,-1.39851114494618,0
2,PaysLoire,0.257997590026928,-3.82413774849229,-0.200793208525588,-0.742610416842795,0
3,PaysLoire,0.250765751892859,-3.33727834581306,-0.033030431744065,-0.979844840444288,0
4,PaysLoire,0.281433170649211,-3.29294935983973,-0.225209204025819,-1.01722400763223,0
5,PaysLoire,0.25308028720866,-4.0149807057647,-0.0179300628735125,-1.24827580823133,0
6,PaysLoire,0.255902313118779,-3.59786871153855,-0.0945716114116756,-1.16794883288622,0
7,PaysLoire,0.254889050792937,-3.59408672453169,-0.342077105019679,-0.0851690274069004,0
8,PaysLoire,0.244006939304134,-4.22542317230371,0.0337047721839163,-1.25290264168781,0
9,PaysLoire,0.250360020742761,-3.94094747677768,-0.0142444206517075,-1.32555465387622,0
10,PaysLoire,0.261169324248755,-3.45368169554253,0.0159045536472133,-2.56174768522989,0
1,Bretagne,0.0118370396367134,0.357879125613372,-0.0348067243252436,-1.78971338599496,0
2,Bretagne,0.0828209878712049,0.49571696444783,-0.169381646641961,-3.58878663235213,0
3,Bretagne,0.0216950401154436,0.234567298480704,-0.027465815968603,-3.10085436864479,0
4,Bretagne,0.0542444469269719,0.413926362567499,-0.0664594532228858,-2.6502898004075,0
5,Bretagne,0.0739409660529557,0.393564094833539,-0.236495325730985,-2.63094695108709,0
6,Bretagne,0.0301530368345493,0.206426485814192,-0.1179827276675,-1.54591976804311,0
7,Bretagne,0.0446018091223386,0.388585472526115,-0.287337950579413,-0.700725335748754,0
8,Bretagne,0.0443048015568754,0.276631373305162,-0.245166203833217,-0.932268981910901,0
9,Bretagne,0.0719640548935076,0.463120821528976,-0.389669984267409,-0.879680517813931,0
10,Bretagne,0.0691832733250714,0.649144530125899,-0.153761346111021,-2.46300500988371,0
1,Occitanie,0.148192314584251,-0.213840220214553,-0.338550834340828,-1.48126735598332,0
2,Occitanie,0.128077566837421,-0.13668706120004,-0.21445044813951,-1.53642016946458,0
3,Occitanie,0.122819242830711,-0.0814692859757439,-0.117817388805595,-2.53359082175935,0
4,Occitanie,0.156334724820149,-0.40235321664499,-0.590733574060364,-0.808370471893976,0
5,Occitanie,0.150102647399394,-0.520116582007426,-0.502086582551959,-0.932156347669713,0
6,Occitanie,0.149051059720232,-0.0809409839571479,-0.246748560166614,-2.06534887315212,0
7,Occitanie,0.141488829126747,-0.383090914901169,-0.223563190071556,-2.83849175616178,0
8,Occitanie,0.12765040069414,-0.443023111395324,-0.205058768773187,-1.52242343412737,0
9,Occitanie,0.132672501008093,-0.0833315685007633,-0.360687034539742,-0.815564191958272,0
10,Occitanie,0.12564131423176,-0.3902493066645,-0.852027889872109,0.0381967557201256,0
1,PACA,0.120932127299443,-0.140575833350801,-0.553144108939356,-0.531090506568204,0
2,PACA,0.123464478816295,-0.121641014968962,-0.279042628263084,-1.67687813285463,0
3,PACA,0.125723077972129,-0.0630265060800769,-0.657076809207989,-0.266013217354749,0
4,PACA,0.114860831832972,-0.1524259000168,-0.261334289712375,-1.60830363719045,0
5,PACA,0.126190995681751,-0.145273976188956,-0.302805853033709,-1.64602356707846,0
6,PACA,0.128606466914959,-0.129762475163122,-0.652803398603998,-0.341054683053296,0
7,PACA,0.136422583821763,-0.0798198256699422,-0.285748255574737,-2.47548945121005,0
8,PACA,0.130500208065949,-0.138554093435868,-0.838691548490102,-0.115375514153058,0
9,PACA,0.135106968064896,0.0395300995166701,-0.217322818769785,-2.90578320948849,0
10,PACA,0.112987722352601,-0.0260630637090813,-0.300426482060919,-1.39128528792282,0
