rep,id,b,Dq,E0,A0
1,IDF,0.787865175410028,1.77645599863948,227.099407853471,1545.7964917132
2,IDF,0.787882977319489,1.74640832229978,407.183247032967,1480.59576539945
3,IDF,0.788760704976662,1.74573425653002,362.16116798127,1451.2597940648
4,IDF,0.787381802053232,1.74538256229999,169.656181177595,1579.85076749173
5,IDF,0.789635665125715,1.77026427985025,206.945142374486,1527.91804701714
6,IDF,0.785286783813873,1.6810026932781,450.781880995496,1471.15829737976
7,IDF,0.793838610028323,1.84936550512663,419.195346630885,1384.03149941812
8,IDF,0.781601709946899,1.83613187724583,209.09624659827,1611.27749692448
9,IDF,0.787604290507385,1.83740000919266,319.595350793249,1507.17158390496
10,IDF,0.791887810353699,1.7934195228331,271.498804551899,1471.64230918116
1,NAquitaine,0.809772874075594,0.731758942491397,391.013679034856,481.297774499131
2,NAquitaine,0.828321425483927,0.417149220480407,325.84360567666,433.767521370534
3,NAquitaine,0.809119654824813,0.868507225576405,128.983783792753,621.470416048258
4,NAquitaine,0.75557003625014,1.00455379386373,257.483595370442,774.124526683389
5,NAquitaine,0.768518380048044,0.551392134511016,235.447661334326,682.488211873182
6,NAquitaine,0.808555328765205,0.803913782799632,582.268159636121,367.60660211013
7,NAquitaine,0.821212496157612,0.657819271126086,228.847106785862,534.421914683067
8,NAquitaine,0.760735136781931,0.972881681528974,482.448040216465,621.046758559716
9,NAquitaine,0.838020418373698,0.786386514161214,581.685110529929,308.326510548932
10,NAquitaine,0.812664393395862,0.845936183186397,689.267618920444,293.447028360764
1,AURA,0.706966570930521,1.64346305436531,487.106082825468,832.673408292581
2,AURA,0.71255503857903,1.3514267818233,1234.91114300676,424.274634569378
3,AURA,0.685966333131771,1.75353640748737,380.70412493343,1080.82077082802
4,AURA,0.695633909632178,1.72659342395907,413.133201732518,967.634570936497
5,AURA,0.699486646560638,1.35682796688606,211.897917448066,1067.65204139044
6,AURA,0.699252429941617,1.62796469163424,381.024742707321,949.391317153703
7,AURA,0.689758468223203,1.48326419074258,316.231016715657,1098.32840880388
8,AURA,0.68032066823246,1.63410861047271,542.883191360148,1019.30427568759
9,AURA,0.670549786263472,1.7739602392174,565.965009613932,1085.68107445371
10,AURA,0.70447084563568,1.6045368990515,436.865685285693,894.231535160203
1,Centre,0.919591875615642,4.38885613843663,493.466168919438,20.0850623465763
2,Centre,0.952606357232986,4.86554447948488,314.049802362774,73.9456140726683
3,Centre,0.916756740496947,3.75958516546267,442.456493434774,54.0103403339859
4,Centre,0.904942241360946,4.03238251871493,550.86211029098,16.5833009289885
5,Centre,0.93964688839084,4.57622035500379,299.186373794211,92.4458628958486
6,Centre,0.934235017719522,5.26154227695173,385.444028966221,68.7255253080865
7,Centre,0.87607227427115,5.82183031041494,492.910784547246,93.0200931942452
8,Centre,0.923089529969337,5.87152257928703,520.837055484411,20.8625817419128
9,Centre,0.916860416111278,5.29142190845997,579.353256078647,8.42202241993873
10,Centre,0.975355742596099,3.72798157874609,361.12166497841,47.6498445367732
1,BFC,0.688996469565998,0.644933003222257,511.128863315532,332.134019181172
2,BFC,0.646561407203308,1.0178382009769,418.860166164951,563.764382362305
3,BFC,0.670924943218343,0.775061487620165,170.737214699684,607.469764313
4,BFC,0.632170871116752,0.9868168207961,355.692043859578,717.316592346882
5,BFC,0.648576174909293,0.923115520150444,390.439835132248,577.650756811135
6,BFC,0.635743946000642,0.847786335358532,418.91697434156,604.381908854846
7,BFC,0.662091540516198,0.61735442435812,157.384983764755,686.037264761536
8,BFC,0.65773006568593,0.939503795926721,254.693490549422,599.850084309174
9,BFC,0.672566721218924,0.82838406911868,190.077798328381,600.574100768763
10,BFC,0.657099745765444,0.8686487979177,446.071370650069,497.602172638328
1,Normandie,0.721040581992842,6.32058123628493,4515.52856005019,515.891813993054
2,Normandie,0.795593440311905,4.64539992496825,3981.42932302516,168.101098214624
3,Normandie,0.756996449260947,4.73766716375748,4222.02755582014,138.979147892177
4,Normandie,0.795435033108435,5.23422672244237,4301.67142978324,61.5282897991379
5,Normandie,0.727713844642407,5.03965208259832,4188.01627623838,396.584064088698
6,Normandie,0.730355043975744,5.69660564891945,3808.40211934094,805.979307875762
7,Normandie,0.731321660028798,5.64583053359321,4833.75464107452,72.7639021044277
8,Normandie,0.804476135631075,4.17743471901589,3333.16649518135,302.161017136761
9,Normandie,0.735356271359306,5.70586263490838,5392.5976017321,31.4335672981314
10,Normandie,0.729228629310608,5.03564207091741,4803.20214735387,222.612101550799
1,HDF,0.702025635028919,3.70241023676113,2053.7620058326,284.004155181157
2,HDF,0.692646238618138,3.31009390936442,2550.03670746589,87.3260366662416
3,HDF,0.705031113465016,2.99380130751513,2218.02509855779,153.880673738314
4,HDF,0.721398145619918,3.07465480551957,2203.40688836345,26.3472826004748
5,HDF,0.701704480155494,3.45981451368491,2406.1345339139,46.939872416571
6,HDF,0.688351641788638,3.16887125947539,2549.18816076952,53.6604809669953
7,HDF,0.691170091311956,3.35901063563045,2475.61709052706,100.903098017526
8,HDF,0.690420202059439,3.10939704608601,2779.79927844586,15.7619585467743
9,HDF,0.694112237482936,3.32694561496805,2509.51943556795,78.362197924786
10,HDF,0.718309634159487,2.75791605225227,2223.77056008558,29.9922177808257
1,GrandEst,0.707082065432568,2.82488351282276,340.731135296239,1823.18937732974
2,GrandEst,0.702774499060715,2.74562963027327,570.15549851224,1743.6745717503
3,GrandEst,0.707057411243833,2.90230043416709,414.668802255364,1841.65025269911
4,GrandEst,0.697804707519793,2.65284938635095,426.220226252064,1864.60382929683
5,GrandEst,0.70576156644806,2.53977092429757,493.933755080355,1722.23596079692
6,GrandEst,0.724011978197138,2.52699373332973,551.185104884451,1558.14516272656
7,GrandEst,0.704275025151921,2.52689665518942,376.99463567993,1839.01295092332
8,GrandEst,0.704347347848251,2.75782129620715,519.702864755729,1752.56972567432
9,GrandEst,0.708771623780477,2.69582771511689,395.524340661305,1769.93766376227
10,GrandEst,0.71796735467773,2.72224418543469,411.743660524157,1676.08981669067
1,PaysLoire,0.629235362424514,0.0772745546183674,2027.85353694755,1276.81383342576
2,PaysLoire,0.634552535450095,0.278069847423193,1940.76961702699,1457.38384373526
3,PaysLoire,0.669928429078459,0.153685370585982,1778.57718468439,1039.9244445015
4,PaysLoire,0.561726838221625,0.161160917768679,2648.44108756567,2158.71368171506
5,PaysLoire,0.590418073851072,0.083196058701174,661.550800467966,2759.46442002895
6,PaysLoire,0.644064694300402,0.0316794577798078,2838.93277178326,699.842022176705
7,PaysLoire,0.649481551332321,0.0691628591066418,3443.8985332232,215.668835790676
8,PaysLoire,0.609409744697983,0.14303967386922,2451.00369098947,1431.32889680875
9,PaysLoire,0.569109221450559,0.106247608555294,1765.14607607024,2360.14556267394
10,PaysLoire,0.619542414141317,0.103389179665452,3414.21066015441,486.217899087884
1,Bretagne,0.615449965882544,3.06077680099161,1502.30040384246,69.7782489312965
2,Bretagne,0.623336437473314,3.13992745134276,1459.59950532271,25.1938236083789
3,Bretagne,0.618850158458029,4.20710329546458,1464.66027709388,113.811740125973
4,Bretagne,0.61253475631211,3.88303368932891,1470.04830592062,72.40219274213
5,Bretagne,0.628692729587672,4.07541853046957,1391.29129935651,49.5589538107502
6,Bretagne,0.664498284973117,3.44663016407176,1213.1536079922,10.1993276470782
7,Bretagne,0.637503409133645,3.32153953209165,1212.42530551159,94.8037226095443
8,Bretagne,0.650383670666916,3.52458122469227,1048.76450998449,177.370412413415
9,Bretagne,0.645908548197476,4.01650274350067,1290.84638944576,30.6127967251289
10,Bretagne,0.657388986509259,2.99269867324824,1106.18114196255,84.1697813752442
1,Occitanie,0.719927550341487,0.563996997961831,265.835125024233,769.152715366759
2,Occitanie,0.747573481817019,0.407630652492259,445.216442226196,499.936203780721
3,Occitanie,0.72177973788571,0.530216254258722,314.015592704569,709.658582597138
4,Occitanie,0.720499754079712,0.605105022133773,245.333423713245,750.515796662863
5,Occitanie,0.731955738138127,0.636352736927245,300.316327066147,678.369988618555
6,Occitanie,0.747303565196978,0.429640203046844,491.521397302619,489.329023596284
7,Occitanie,0.699803778198432,0.682699352734844,292.149011008438,897.130492777068
8,Occitanie,0.733718638080428,0.449777165608915,377.744522897158,580.440375166383
9,Occitanie,0.742107733777867,0.621424334788148,439.339963139564,508.454627963745
10,Occitanie,0.689298483844981,0.719094488905665,369.027893964667,884.213732336592
1,PACA,0.739877242170075,0.849137661991384,263.424259215465,843.23534076309
2,PACA,0.743340806845546,0.512307990777987,144.275617524922,834.421124025511
3,PACA,0.737140464442888,0.63276851985368,190.962542166438,833.344149151984
4,PACA,0.747960421783101,0.619562029431584,122.816887561745,819.285218640231
5,PACA,0.730472095254127,0.803777860002824,84.3527218800654,951.415114624465
6,PACA,0.72195413016044,0.689414797070146,270.838434270248,900.06106946182
7,PACA,0.732065824490714,0.690934817733385,152.362883546984,884.559551849123
8,PACA,0.728869913795625,0.698592817304598,270.480882049366,875.738217080368
9,PACA,0.74520955565809,0.68516841365101,241.501008619988,772.045809329775
10,PACA,0.725323578111754,0.603259638505129,157.67478962682,915.716631247484
1,Corse,0.344466206523438,0.0935804916190431,750.493081608663,98.5612711706444
2,Corse,0.312969362696377,0.0410759807777029,761.085887703548,163.284543584419
3,Corse,0.238619786612065,0.0368274895342806,941.259231345688,148.198902657212
4,Corse,0.282847922553603,0.0133175131505571,860.575692187459,109.766545220044
5,Corse,0.2933303619744,0.0653636392592041,725.421254197669,212.567060859526
6,Corse,0.259571489589514,0.0195726918736124,829.767837165075,310.880849375382
7,Corse,0.339054647570344,0.0658919910343812,650.590671877574,190.086484005874
8,Corse,0.345668544104115,0.0153740348447278,709.366148246357,143.324526892573
9,Corse,0.317092212884126,0.0580545858838437,660.829484366888,299.808004416203
10,Corse,0.252675093392186,0.0158415290806633,728.598220502372,446.837114365164
