rep,id,b1,Dq,E0,A0,betat1,eta_b1,eta_Dq,eta_E0,eta_A0,eta_betat1
1,1,-0.0111380730938314,0.670934608673775,7.8050180653404,5.55995460287717,-0.897173474626906,0.200356358388029,0.579215890244249,0.855200093933088,0.231811639532168,0
2,1,-0.00329399177970338,0.646029557370442,7.73385397095536,5.6605467954403,-0.897173474626906,0.208200439702157,0.554310838940916,0.784035999548035,0.332403832095291,0
3,1,-0.00895920568692076,0.630036519570804,7.86228599375699,5.12365031654455,-0.897173474626906,0.202535225794939,0.538317801141278,0.912468022349668,-0.204492646800466,0
4,1,-0.0021920755241245,0.688534490756239,7.55349948688539,6.12902297334846,-0.897173474626906,0.209302355957735,0.596815772326713,0.603681515478066,0.800880010003451,0
5,1,-0.0163960886375297,0.596865726989335,7.5642979100702,6.23907507022134,-0.897173474626906,0.19509834284433,0.505147008559809,0.614479938662888,0.910932106876331,0
1,2,0.0692528330980852,-0.27070569905393,5.96810613368003,4.42015922825039,-0.897173474626906,0.280747264579946,-0.362424417483455,-0.981711837727285,-0.907983735094622,0
2,2,0.0595720240718898,-0.487104554857883,5.56369162300906,4.95235440820291,-0.897173474626906,0.271066455553751,-0.57882327328741,-1.38612634839826,-0.375788555142098,0
3,2,0.0532173489362984,-0.62721172727974,5.74697344808781,4.81886176472345,-0.897173474626906,0.264711780418159,-0.718930445709265,-1.20284452331951,-0.509281198621568,0
4,2,0.0854211234454565,-0.314722999168771,5.36508243658297,4.87448263998421,-0.897173474626906,0.296915554927316,-0.406441717598297,-1.58473553482435,-0.453660323360803,0
5,2,0.0585979219836177,-0.483831024475997,5.60512572068684,4.94372897401828,-0.897173474626906,0.270092353465478,-0.575549742905523,-1.34469225072047,-0.384413989326741,0
1,3,-0.0464985687400305,-0.394660218374501,7.29428374746025,3.67993931650668,-0.897173474626906,0.16499586274183,-0.486378936804027,0.344465776052933,-1.64820364683834,0
2,3,-0.0498062206953437,-0.307471266496462,7.30350008729204,3.99525110717705,-0.897173474626906,0.161688210786517,-0.399189984925988,0.353682115884718,-1.33289185616796,0
3,3,-0.0418715047191277,-0.517694289119365,7.23590202798814,3.75294561676405,-0.897173474626906,0.169622926762732,-0.609413007548891,0.286084056580815,-1.57519734658097,0
4,3,-0.065636801550359,-0.371515386975571,7.42418532968623,3.17233073522762,-0.897173474626906,0.145857629931501,-0.463234105405098,0.474367358278922,-2.15581222811739,0
5,3,-0.0336206297195991,-0.257763484947622,7.14904503136293,4.67089304830868,-0.897173474626906,0.177873801762261,-0.349482203377147,0.199227059955609,-0.65724991503633,0
1,4,0.11046147852834,1.40579865825685,6.92658242766818,5.27348329249693,-0.897173474626906,0.3219559100102,1.31407993982733,-0.0232355437391394,-0.0546596708480738,0
2,4,0.106059518266218,1.28808359718351,6.40700783307193,5.88761711452929,-0.897173474626906,0.317553949748078,1.19636487875399,-0.542810138335393,0.559474151184277,0
3,4,0.149082192798614,1.46416495098568,5.83081127801494,6.07884468668889,-0.897173474626906,0.360576624280474,1.37244623255615,-1.11900669339238,0.750701723343872,0
4,4,0.102416426386665,1.48031919644714,5.96129326754254,6.22045422895749,-0.897173474626906,0.313910857868524,1.38860047801761,-0.988524703864785,0.89231126561248,0
5,4,0.126286457394878,1.51049058670781,6.49081091395209,5.85193423202409,-0.897173474626906,0.337780888876739,1.41877186827829,-0.459007057455235,0.523791268679076,0
1,5,-0.171350734023415,-0.30987252448035,6.50610952310058,4.00975123964812,-0.897173474626906,0.0401436974584456,-0.401591242909876,-0.443708448306726,-1.3183917236969,0
2,5,-0.171876193009713,-0.304530705417541,6.21378547171697,4.92178417207625,-0.897173474626906,0.0396182384721473,-0.396249423847067,-0.736032499690356,-0.406358791268761,0
3,5,-0.144387103602239,-0.477768445357338,6.44986851088429,3.32694261723778,-0.897173474626906,0.067107327879621,-0.569487163786863,-0.499949460523025,-2.00120034610723,0
4,5,-0.164437819941248,-0.218574229553558,5.89591787769672,5.33956575591174,-0.897173474626906,0.047056611540613,-0.310292947983085,-1.05390009371059,0.0114227925667375,0
5,5,-0.153362435874334,-0.268573566932473,5.88331328903675,5.17991629925328,-0.897173474626906,0.0581319956075258,-0.360292285362,-1.06650468237057,-0.148226664091733,0
1,6,-0.0207855075108608,1.2672333490881,8.10810163973953,5.06292004097345,-0.897173474626906,0.190708923971,1.17551463065857,1.15828366833219,-0.265222922371566,0
2,6,-0.00479593531756933,1.3929484445189,8.17172886484804,4.23283879203463,-0.897173474626906,0.20669849616429,1.30122972608938,1.22191089344072,-1.09530417131038,0
3,6,-0.0039647987588462,1.19709745909935,8.09473549992692,2.75454162427114,-0.897173474626906,0.207529632723014,1.10537874066982,1.14491752851961,-2.57360133907388,0
4,6,0.0334129701677997,1.30153806784378,7.89103465356108,5.46460586370318,-0.897173474626906,0.24490740164966,1.20981934941425,0.941216682153748,0.136462900358174,0
5,6,0.0183234096613364,1.21169520306155,7.94721762428073,4.88484767138429,-0.897173474626906,0.229817841143197,1.11997648463203,0.997399652873403,-0.443295291960731,0
1,7,-0.0786104521755251,0.867134976668002,7.57792566290264,4.38035235901769,-0.897173474626906,0.132883979306335,0.775416258238476,0.628107691495319,-0.947790604327321,0
2,7,-0.0943878895276406,0.703908393535754,7.5779370841522,4.57882976789101,-0.897173474626906,0.117106541954219,0.612189675106228,0.628119112744873,-0.749313195454002,0
3,7,-0.111809329417782,0.73563652074975,7.73386478488441,4.29517915290472,-0.897173474626906,0.0996851020640782,0.643917802320224,0.784046813477088,-1.03296381044029,0
4,7,-0.0993992923030105,0.807724327219615,7.69771417426147,2.95939693396365,-0.897173474626906,0.112095139178849,0.716005608790089,0.747896202854145,-2.36874602938136,0
5,7,-0.100918425994932,0.819637992219535,7.61752589182876,4.80988185044157,-0.897173474626906,0.110576005486928,0.727919273790009,0.667707920421447,-0.518261112903452,0
1,8,-0.145940237889401,0.986063039161619,6.60605229950826,7.07281973304339,-0.897173474626906,0.0655541935924596,0.894344320732092,-0.343765671899056,1.74467676969837,0
2,8,-0.135103786254142,1.04094088829391,7.05868573240727,6.85245765631408,-0.897173474626906,0.0763906452277183,0.949222169864383,0.108867760999955,1.52431469296906,0
3,8,-0.136803912806072,1.04527469962188,6.59728708741646,7.05507545136074,-0.897173474626906,0.0746905186757879,0.953555981192352,-0.352530883990864,1.72693248801572,0
4,8,-0.140675709901074,0.96375276785464,6.6687650603179,7.02293207883253,-0.897173474626906,0.0708187215807867,0.872034049425115,-0.281052911089418,1.69478911548752,0
5,8,-0.12905075232739,0.976770540140364,6.49768195087377,7.03283705780863,-0.897173474626906,0.08244367915447,0.885051821710839,-0.452136020533539,1.70469409446362,0
1,9,0.00483382750592072,-4.03593047214255,6.88917022226137,5.21052340435842,-0.897173474626906,0.216328258987781,-4.12764919057208,-0.0606477491459497,-0.117619558986587,0
2,9,0.0540972073212374,-3.18882795945155,6.81514545075897,4.26944193101405,-0.897173474626906,0.265591638803098,-3.28054667788108,-0.134672520648334,-1.05870103233096,0
3,9,0.0420986053793695,-4.11607984102009,6.99280603919386,3.18261789766202,-0.897173474626906,0.25359303686123,-4.20779855944961,0.0429880677865508,-2.14552506568301,0
4,9,0.0310149821539964,-3.12865485449946,6.64353201432722,5.26212459874511,-0.897173474626906,0.242509413635857,-3.22037357292898,-0.306285957080113,-0.0660183645998956,0
5,9,0.0534300113690994,-3.28977549761649,6.61685108962209,4.97124587060615,-0.897173474626906,0.264924442850959,-3.38149421604601,-0.332966881785231,-0.356897092738848,0
1,10,-0.154197869254729,0.462114908415921,6.73519256946675,3.47674178977205,-0.897173474626906,0.0572965622271307,0.370396189986396,-0.214625401940569,-1.85140117357297,0
2,10,-0.168936009803616,0.546549316016011,6.8326042380341,3.70338049309907,-0.897173474626906,0.0425584216782435,0.454830597586485,-0.117213733373227,-1.62476247024594,0
3,10,-0.1933644463967,0.440331413240682,6.90666071802146,3.74416426321579,-0.897173474626906,0.018129985085159,0.348612694811157,-0.0431572533858497,-1.58397870012922,0
4,10,-0.11613141672933,0.691755307775544,6.62492518675707,2.99106847666553,-0.897173474626906,0.0953630147525302,0.600036589346018,-0.324892784650244,-2.33707448667948,0
5,10,-0.188893280537898,0.511627713391877,6.94120785982408,3.41721404106193,-0.897173474626906,0.0226011509439619,0.41990899496235,-0.00861011158323753,-1.91092892228309,0
1,11,-0.0990279599386064,-0.256076771797077,6.76973666342546,3.77607222856378,-0.897173474626906,0.112466471543254,-0.347795490226604,-0.180081307981858,-1.55207073478123,0
2,11,-0.0644762023137284,-0.384361638072427,6.41612006565169,4.56476907792529,-0.897173474626906,0.147018229168132,-0.476080356501952,-0.533697905755621,-0.763373885419717,0
3,11,-0.0782788737506624,-0.391089033461474,6.66093195389287,3.45221592633305,-0.897173474626906,0.133215557731198,-0.482807751891,-0.288886017514452,-1.87592703701196,0
4,11,-0.0691661392791407,-0.189319023223279,6.20122110767478,5.08213553502848,-0.897173474626906,0.142328292202719,-0.281037741652805,-0.748596863732546,-0.246007428316532,0
5,11,-0.0742713426241135,-0.241214036620192,6.62087868709954,4.18502115182583,-0.897173474626906,0.137223088857746,-0.332932755049718,-0.328939284307784,-1.14312181151918,0
1,12,-0.0752315722883881,0.0355202951904793,6.57450451103789,3.98522883723308,-0.897173474626906,0.136262859193472,-0.0561984232390472,-0.375313460369424,-1.34291412611193,0
2,12,-0.0944612648259467,-0.0900754761751819,6.68318255898583,3.55156342272438,-0.897173474626906,0.117033166655914,-0.181794194604708,-0.266635412421504,-1.77657954062065,0
3,12,-0.101361550849686,-0.00159514901143984,6.75169303930244,3.4656724588216,-0.897173474626906,0.110132880632174,-0.0933138674409659,-0.19812493210488,-1.86247050452342,0
4,12,-0.0726345303589787,0.189842442784572,6.4193246079851,4.67745914045814,-0.897173474626906,0.138859901122881,0.0981237243550456,-0.530493363422217,-0.650683822886872,0
5,12,-0.0872663780538019,0.0191319241984682,6.61737397138197,4.05557284746054,-0.897173474626906,0.124228053428058,-0.0725867942310576,-0.332444000025356,-1.27257011588447,0
