rep,id,eta_b1,eta_Dq,eta_E0,eta_betat1,eta_betat2
1,IDF,0.0758681726797427,0.478728957800118,1.06630092926057,0,0
2,IDF,0.0853159911992726,0.422743121151906,0.980778819047759,0,0
3,IDF,0.0822908616454487,0.425576509439932,0.992674004087379,0,0
4,IDF,0.0824924424403075,0.38689443111999,0.998591928416472,0,0
5,IDF,0.067749686921188,0.441659141513897,1.09326014540574,0,0
6,IDF,0.0770644140380618,0.422246925593691,1.05802847105654,0,0
7,IDF,0.0737421501892395,0.426486382406248,1.06364845079368,0,0
8,IDF,0.0751941244371313,0.480539440514792,1.09239717128234,0,0
9,IDF,0.0828541070976426,0.411455201661384,1.00917163621041,0,0
10,IDF,0.0861525583479216,0.433230032306698,0.979215916036226,0,0
1,NAquitaine,0.205557190254843,-1.00151373060828,-1.13056742717582,0,0
2,NAquitaine,0.192679077579993,-0.776982498561735,-0.941362837405951,0,0
3,NAquitaine,0.203628441305691,-0.581959219227373,-0.999396401071664,0,0
4,NAquitaine,0.219997934120219,-0.931193477474582,-1.2210322471076,0,0
5,NAquitaine,0.212966872003543,-0.712123110124642,-1.13431333223438,0,0
6,NAquitaine,0.202302381866769,-0.905403649246301,-1.08795201504929,0,0
7,NAquitaine,0.188402611324297,-0.786437862210725,-0.927355632083281,0,0
8,NAquitaine,0.234944012323917,-0.778812944066636,-1.33082344605217,0,0
9,NAquitaine,0.207521957718835,-0.495881684987687,-1.05449799490297,0,0
10,NAquitaine,0.203107681814029,-0.604529039999818,-1.00943640364475,0,0
1,AURA,-0.000897963475093535,-0.762800721870044,-1.03144192430051,0,0
2,AURA,-0.00228725023339734,-0.49035577175313,-0.702419928884357,0,0
3,AURA,0.00645462679683154,-0.441854065201373,-0.924633986580097,0,0
4,AURA,-0.00545357817147417,-0.593164631653433,-0.75343590905683,0,0
5,AURA,-0.00374943156144639,-0.651189340950622,-0.910637692873118,0,0
6,AURA,-0.00168942957411118,-0.421431368133283,-0.708482366131147,0,0
7,AURA,0.00880113282883681,-0.644064644088767,-1.1739345760651,0,0
8,AURA,0.0113139548126765,-0.463173589534511,-1.29136919108382,0,0
9,AURA,0.0146689975508646,-0.352720012786838,-1.38039125536861,0,0
10,AURA,0.000516856316401387,-0.563050091337895,-0.957695046890626,0,0
1,Centre,0.181547282224283,1.31043719731277,-0.687818085164712,0,0
2,Centre,0.195207063413618,1.29463207055292,-1.26761059614648,0,0
3,Centre,0.173424718404879,1.40322409070223,-0.800334959092455,0,0
4,Centre,0.173340759511474,1.25114173719265,-0.760171726324705,0,0
5,Centre,0.212917001070251,1.37507430486382,-1.23638579582623,0,0
6,Centre,0.164490447180061,1.20414120543139,-0.736762421413863,0,0
7,Centre,0.188427881619993,1.2632871873781,-1.11810011993962,0,0
8,Centre,0.19672829009222,1.29218339364729,-1.26905248006436,0,0
9,Centre,0.214373267973937,1.5449526609852,-1.05044000673605,0,0
10,Centre,0.196337166584971,1.35011298496941,-1.04210660412826,0,0
1,BFC,-0.0571806672788463,-0.423623082164696,-0.242252669613559,0,0
2,BFC,-0.0617963372091186,-0.306660758475399,-0.157872115982892,0,0
3,BFC,-0.0540172214359313,-0.293559586184713,-0.172277746322801,0,0
4,BFC,-0.0779214618248094,-0.390223071041373,-0.108396633182855,0,0
5,BFC,-0.059966217977672,-0.213440711837661,-0.192106741701753,0,0
6,BFC,-0.066782707680261,-0.451165805601206,-0.162939597240256,0,0
7,BFC,-0.0718427684308535,-0.220278066918581,-0.104779625996417,0,0
8,BFC,-0.058228458979682,-0.450216202778828,-0.211818179366732,0,0
9,BFC,-0.0553452236067553,-0.345565712796736,-0.203973072183789,0,0
10,BFC,-0.0816529569751655,-0.359423002100949,-0.0951251481396297,0,0
1,Normandie,-0.0470550235979026,0.982988415870052,0.576802873879506,0,0
2,Normandie,-0.0272290853764564,0.975533164523634,0.462966003037752,0,0
3,Normandie,-0.0345188655217546,0.94987359967393,0.582120778150361,0,0
4,Normandie,-0.0466160596110927,1.09398580909688,0.633465127696179,0,0
5,Normandie,-0.0696923783006979,1.10168537018818,0.797416014208002,0,0
6,Normandie,-0.0252734770271911,1.13699209681301,0.655167612448187,0,0
7,Normandie,-0.0066929120557959,1.05592771171705,0.359140127354954,0,0
8,Normandie,-0.0274292858341642,1.05042316493414,0.695887912869486,0,0
9,Normandie,-0.0276466416314525,1.04810652155949,0.570315896544029,0,0
10,Normandie,-0.0225344383756449,1.15269117403856,0.518695344906188,0,0
1,HDF,-0.123180659321165,0.581407479002066,0.177023039240997,0,0
2,HDF,-0.123049169001276,0.469517043081926,0.0559976305812292,0,0
3,HDF,-0.118949285456474,0.503134079673062,0.050470749236539,0,0
4,HDF,-0.0985493399454277,0.610422310756504,-0.257735963449693,0,0
5,HDF,-0.108488486600399,0.466395951863606,-0.303363399334443,0,0
6,HDF,-0.123576442404522,0.577314667502931,0.19436885635378,0,0
7,HDF,-0.106744200189328,0.638675147074726,0.00328315788432912,0,0
8,HDF,-0.10731466986545,0.562406800696076,-0.0341834169325447,0,0
9,HDF,-0.110916124441845,0.595358646336289,-0.160291548851973,0,0
10,HDF,-0.118915502358833,0.542152859912826,0.070075440349542,0,0
1,GrandEst,-0.0474122899429321,0.821006916966474,1.31860454644091,0,0
2,GrandEst,-0.0359835279942484,0.842605009895807,1.26047760807986,0,0
3,GrandEst,-0.0428352277689383,0.843071055897612,1.31174254499602,0,0
4,GrandEst,-0.0336815052694329,0.822739720312149,1.2679305845451,0,0
5,GrandEst,-0.0379896459952027,0.812021079379168,1.28425920001943,0,0
6,GrandEst,-0.0561140526407568,0.807398427782301,1.38434655265965,0,0
7,GrandEst,-0.0355378125913146,0.807180138134016,1.27198060835566,0,0
8,GrandEst,-0.0392732665029057,0.77243863079575,1.26617001864756,0,0
9,GrandEst,-0.0342076460000716,0.776143924966505,1.25117675856744,0,0
10,GrandEst,-0.0500910222981175,0.805238282978801,1.32234848544659,0,0
1,PaysLoire,0.145366416317306,-3.58389726710654,-1.68317915935032,0,0
2,PaysLoire,0.131631946162306,-3.61077910499127,-1.09006056285948,0,0
3,PaysLoire,0.136814199288637,-4.16673631701282,-1.42593608548548,0,0
4,PaysLoire,0.150970391533964,-3.42598033530776,-1.57349079523659,0,0
5,PaysLoire,0.142981538413946,-3.18717507266976,-1.38594020604347,0,0
6,PaysLoire,0.117981148173426,-3.56044294766339,-0.945131970366494,0,0
7,PaysLoire,0.111339432699029,-2.7254997709613,-0.758327596676893,0,0
8,PaysLoire,0.125249356831018,-2.66169361897897,-0.895817656726582,0,0
9,PaysLoire,0.138278160784209,-3.34427143447123,-1.55346145804164,0,0
10,PaysLoire,0.142961792883061,-3.74424562117339,-1.58529061087537,0,0
1,Bretagne,-0.104373483605425,0.345142837104889,-0.842317893362622,0,0
2,Bretagne,-0.111348516652876,0.402525473713532,-0.773978671244679,0,0
3,Bretagne,-0.131897767537295,0.100964462325488,-0.632800023822191,0,0
4,Bretagne,-0.101852520661821,0.265291848804573,-0.988855085756948,0,0
5,Bretagne,-0.0913581137235009,0.244831049867293,-0.970925049077634,0,0
6,Bretagne,-0.125353493825737,0.0286104726272396,-0.652014542078296,0,0
7,Bretagne,-0.0919083271367002,0.386262997752399,-0.875184051719617,0,0
8,Bretagne,-0.138162695694009,0.379777622618402,-0.423092207272858,0,0
9,Bretagne,-0.138366235178319,0.0400899168688173,-0.365818036677946,0,0
10,Bretagne,-0.0871718783057661,0.459891350948737,-0.958859223895379,0,0
1,Occitanie,0.0526110266769641,-0.042512472862723,-0.343124566953084,0,0
2,Occitanie,0.0332947618757708,-0.499310126605066,-0.19643459993224,0,0
3,Occitanie,0.0499942653281738,-0.278074916654453,-0.283744849625669,0,0
4,Occitanie,0.0534443489129495,-0.14158738983507,-0.239182873999232,0,0
5,Occitanie,0.0425477751646854,-0.208048499694153,-0.250410823847908,0,0
6,Occitanie,0.0602571165063294,0.0333915528217072,-0.294856469371583,0,0
7,Occitanie,0.0632927370534693,-0.314566221643103,-0.405344285368756,0,0
8,Occitanie,0.0601180917090265,-0.249670670765679,-0.332061070468659,0,0
9,Occitanie,0.0403335011849456,-0.115476551119048,-0.21083952538692,0,0
10,Occitanie,0.042071893813004,-0.203040733741229,-0.268473139292556,0,0
1,PACA,0.00796335858528513,-0.15686579565179,-0.0754000414136231,0,0
2,PACA,0.00882520856407661,-0.0542290785700305,-0.0649943551578934,0,0
3,PACA,0.0263295416105696,-0.153821292855569,-0.192540478366682,0,0
4,PACA,0.0163232676170067,-0.202521673887012,-0.174977316369983,0,0
5,PACA,0.0248370492617029,-0.375483560936826,-0.219261358005889,0,0
6,PACA,0.00873290105420846,-0.19846064576201,-0.0910294644962125,0,0
7,PACA,0.0340144073658633,0.0227118818286795,-0.228290857703928,0,0
8,PACA,0.0387064899266274,-0.283088095421511,-0.281946611798473,0,0
9,PACA,0.014958837601531,-0.304404267663411,-0.182496110374551,0,0
10,PACA,0.0124634194049922,-0.114662009105218,-0.152632385299867,0,0
