rep,id,b1,Dq,E0,A0,betat1
1,IDF,0.862793395352887,1.67935118609396,1692.88292176924,1039.7362494208,-0.312297221354965
2,IDF,0.873787044823318,1.67504202714393,1660.43508754828,959.276027866856,-0.312297221354965
3,IDF,0.872553296275686,1.85483313903006,1960.53083449931,869.366779453794,-0.312297221354965
4,IDF,0.869248394519012,1.5438851999463,1944.45410094166,833.262921055928,-0.312297221354965
5,IDF,0.876454079169029,1.71836848575778,2072.1070345506,740.951898577487,-0.312297221354965
6,IDF,0.85842119221008,1.74808687088871,1783.42907020648,1049.46506809643,-0.312297221354965
7,IDF,0.860586341279385,1.7698242537199,1643.88357050613,1109.16079230817,-0.312297221354965
8,IDF,0.865315240640497,1.64656358195041,1862.36525881068,960.028120561635,-0.312297221354965
9,IDF,0.857308942525659,1.54213528965205,2184.43186428639,839.346011692813,-0.312297221354965
10,IDF,0.851973528639172,1.61663299358402,2117.83603307597,952.54735704166,-0.312297221354965
1,NAquitaine,0.946069662223579,0.53303134692219,232.428751590433,175.459692147061,-0.312297221354965
2,NAquitaine,0.954370235937473,0.590486844832046,463.230635583567,62.316584440085,-0.312297221354965
3,NAquitaine,0.973991062270589,0.504927708653481,489.396540868084,34.2680710263964,-0.312297221354965
4,NAquitaine,0.906750088821833,0.60495744244537,277.3771830131,232.168055534903,-0.312297221354965
5,NAquitaine,0.930462827363915,0.796079699100594,444.646857053339,133.618198742917,-0.312297221354965
6,NAquitaine,0.948195147754452,0.569187479219648,261.781642405396,177.730532291575,-0.312297221354965
7,NAquitaine,0.904271535615505,0.593242847048132,640.593342708274,48.1315324774057,-0.312297221354965
8,NAquitaine,0.925796321997043,0.511317054676662,368.078119034971,144.324121770461,-0.312297221354965
9,NAquitaine,0.919188887937936,0.602022046141687,279.256872010371,197.590564498663,-0.312297221354965
10,NAquitaine,0.922805137312868,0.528656029061011,391.970341710396,134.476998384221,-0.312297221354965
1,AURA,0.814425049502026,0.654703873778112,1904.14664412178,56.8721894150025,-0.312297221354965
2,AURA,0.82907003141405,0.888579716061626,1951.25550574978,11.0799868385836,-0.312297221354965
3,AURA,0.829442371951734,0.799999017687381,1839.63021016315,50.0366890153508,-0.312297221354965
4,AURA,0.827825037907143,0.809230841346206,1717.34430862958,151.781600225343,-0.312297221354965
5,AURA,0.844711834310876,0.642923587232212,1745.93645160495,42.838076209126,-0.312297221354965
6,AURA,0.813817032474611,0.892008187642634,1787.63694912707,172.169892256627,-0.312297221354965
7,AURA,0.855452579607505,0.752678245402174,1634.82634515741,33.3374475182746,-0.312297221354965
8,AURA,0.843646382996315,0.579350404365426,1768.33005252852,10.4075514933328,-0.312297221354965
9,AURA,0.836851783999608,0.708844398265134,1803.94299446186,39.2051939754584,-0.312297221354965
10,AURA,0.85202051490976,0.73913382786082,1599.14321518697,87.3890044609385,-0.312297221354965
1,Centre,1.06878617347391,4.67154476615849,495.027186268737,297.637154424779,-0.312297221354965
2,Centre,0.95495847943508,5.18419683276867,366.44320007428,585.51296990031,-0.312297221354965
3,Centre,0.969509453789764,4.05145787291952,448.863548509352,470.312987327433,-0.312297221354965
4,Centre,0.987251221142614,4.52200222526406,610.842344773862,412.257943646378,-0.312297221354965
5,Centre,1.00941899593066,5.14683645531401,373.969349357316,457.444180675817,-0.312297221354965
6,Centre,1.00515469169577,3.79847285969362,343.663896110166,467.144688657731,-0.312297221354965
7,Centre,0.990198796794813,4.4623928129975,446.967589578957,464.987337785525,-0.312297221354965
8,Centre,0.955284647517121,4.35911685973698,604.782620671233,419.100966193946,-0.312297221354965
9,Centre,0.988885989770193,4.35600461270678,329.872761786937,494.786578022808,-0.312297221354965
10,Centre,0.972497540688832,4.43528829802177,312.118829183097,544.096715796847,-0.312297221354965
1,BFC,0.719363079474049,0.745996295826442,283.779805277039,431.321545166571,-0.312297221354965
2,BFC,0.721367534788748,0.825764572020766,439.102350351413,323.103502427815,-0.312297221354965
3,BFC,0.719818945864857,0.797447164249166,600.529579551655,237.583147067347,-0.312297221354965
4,BFC,0.70978729044797,0.772486609949779,365.382669522616,401.9642243568,-0.312297221354965
5,BFC,0.706901684668905,0.842507517081303,387.867289209608,398.30426673572,-0.312297221354965
6,BFC,0.710018745415236,0.693474815210559,271.674300993823,457.607416266727,-0.312297221354965
7,BFC,0.688768918389744,0.889576022331857,563.625081964627,370.088523308506,-0.312297221354965
8,BFC,0.73000942514236,0.884099647736634,709.262385082603,178.251269305053,-0.312297221354965
9,BFC,0.736282787639528,0.882843224289894,646.318042009148,162.446860961752,-0.312297221354965
10,BFC,0.709462239203379,0.691637026038546,450.741832409188,356.417630383269,-0.312297221354965
1,Normandie,0.826129229361435,3.67592094402715,3501.7286396422,21.6383283789028,-0.312297221354965
2,Normandie,0.876580340374998,3.46914424189786,3340.02685900401,37.2343624913335,-0.312297221354965
3,Normandie,0.868449230181209,4.1446575553829,3375.56813805958,16.2292049439844,-0.312297221354965
4,Normandie,0.802163045097961,4.07910534150127,3970.51937035782,102.86424235121,-0.312297221354965
5,Normandie,0.831100863459268,4.34659063233254,3771.30215035973,167.136078796048,-0.312297221354965
6,Normandie,0.869466758183991,2.96719181642377,2975.64624548919,85.1134831857953,-0.312297221354965
7,Normandie,0.822036873731363,4.6527313935362,3332.305390065,189.356886665051,-0.312297221354965
8,Normandie,0.88566266741871,3.88930302667848,2861.22727372712,119.472165575539,-0.312297221354965
9,Normandie,0.832423230357264,4.05115292214351,3559.04399944795,87.2448827016472,-0.312297221354965
10,Normandie,0.90918064520082,3.55952552966034,2909.14925306156,84.7406806118951,-0.312297221354965
1,HDF,0.779133512201246,2.16975407803241,2751.55159043313,46.3170153793473,-0.312297221354965
2,HDF,0.777284314662086,2.42151505181411,2946.27715234824,56.5636851114681,-0.312297221354965
3,HDF,0.768060774716323,2.56673418111753,2947.61755011916,33.2265618229491,-0.312297221354965
4,HDF,0.775926798881113,2.08114635496023,2847.10258488318,42.5216727282682,-0.312297221354965
5,HDF,0.771796474457658,2.2270217600459,2537.90559636191,287.053028060834,-0.312297221354965
6,HDF,0.77589650034959,2.48182442741087,2667.45418205607,136.428492608167,-0.312297221354965
7,HDF,0.773834844030341,2.28332523288504,2911.75732023446,28.1521092230373,-0.312297221354965
8,HDF,0.786945853657389,2.15430377684553,2646.19143957654,39.3382325063916,-0.312297221354965
9,HDF,0.773010075950339,2.29509293225489,2832.71488459854,107.583462911624,-0.312297221354965
10,HDF,0.778600903047508,2.24766356264647,2743.64585368138,54.4213922552831,-0.312297221354965
1,GrandEst,0.764362032807987,2.34045893087603,390.446179939624,1808.49298858627,-0.312297221354965
2,GrandEst,0.774953209848473,2.1249298466045,762.540337172328,1456.40725771037,-0.312297221354965
3,GrandEst,0.782059575927084,2.11054695609252,500.421482400859,1530.05143513474,-0.312297221354965
4,GrandEst,0.79250861863122,2.26945813430892,427.437638010838,1485.21341535603,-0.312297221354965
5,GrandEst,0.77938778744941,2.19335558894095,553.283786163668,1530.31908110735,-0.312297221354965
6,GrandEst,0.781298202567283,2.28986315418559,998.674297796539,1308.94151312148,-0.312297221354965
7,GrandEst,0.779327502374524,2.25206824646394,943.38909592769,1329.28222163539,-0.312297221354965
8,GrandEst,0.776108634410466,1.96342298041401,532.499419491309,1538.82835955274,-0.312297221354965
9,GrandEst,0.771659283967368,2.20572009028026,734.183637182026,1557.35376149394,-0.312297221354965
10,GrandEst,0.783037278820378,2.12913110706786,804.415119558618,1361.70853892132,-0.312297221354965
1,PaysLoire,0.765554922584467,0.0601493600235357,2051.44539932399,65.5075533450539,-0.312297221354965
2,PaysLoire,0.778081843487459,0.0473006620762361,1352.59116720877,347.780327852373,-0.312297221354965
3,PaysLoire,0.783915544969195,0.072441953080644,1267.14220884273,467.003519597729,-0.312297221354965
4,PaysLoire,0.821337402663053,0.0364177412133099,1439.78213435357,195.672456224658,-0.312297221354965
5,PaysLoire,0.772366636361281,0.168805681554163,1216.13164239107,475.598087466955,-0.312297221354965
6,PaysLoire,0.828851764331284,0.0211311020969003,1584.76475105666,42.4657987738559,-0.312297221354965
7,PaysLoire,0.779607746822473,0.0528117910774692,1443.07797168569,353.670239933642,-0.312297221354965
8,PaysLoire,0.792243372158932,0.0626848106568281,1826.59990035356,73.7281261106742,-0.312297221354965
9,PaysLoire,0.840356829813981,0.00600555033858916,1481.41770173145,88.5548870689462,-0.312297221354965
10,PaysLoire,0.809065905704329,0.0360434402285983,1476.59823794267,165.228708039122,-0.312297221354965
1,Bretagne,0.70057090230774,2.27979804131048,1443.45958007901,36.0753794500395,-0.312297221354965
2,Bretagne,0.689862286131485,1.72259837121821,1184.32277395627,184.069926578563,-0.312297221354965
3,Bretagne,0.685717027138685,2.18059355578865,1143.19171196123,227.066086111016,-0.312297221354965
4,Bretagne,0.717154694608204,2.05656862497937,1267.70583392158,67.9217916185646,-0.312297221354965
5,Bretagne,0.682690243762451,1.98176826037432,1301.86064152305,174.078464804389,-0.312297221354965
6,Bretagne,0.700136610308435,1.9379353004968,1503.30039878494,25.7644105943865,-0.312297221354965
7,Bretagne,0.69474264375015,2.25495484294116,1477.76219513447,10.1340866112748,-0.312297221354965
8,Bretagne,0.726955277220318,2.02515880250194,1250.1787646554,40.8876160287754,-0.312297221354965
9,Bretagne,0.685815220355171,1.69918555752626,1439.74791519212,49.5638308842537,-0.312297221354965
10,Bretagne,0.70956191954769,2.04925399879241,1371.05716015815,30.1445597108328,-0.312297221354965
1,Occitanie,0.740370116169075,0.959470410298253,810.983022535497,389.46730241334,-0.312297221354965
2,Occitanie,0.745177806420805,1.04700776354739,1207.48162772499,152.518106268824,-0.312297221354965
3,Occitanie,0.762342832930155,0.808011447436123,530.678298310372,443.795282477802,-0.312297221354965
4,Occitanie,0.75586996800532,0.797738481005808,889.44436576348,307.550849001352,-0.312297221354965
5,Occitanie,0.736216595118721,0.976439725076378,1043.05645673263,277.969709479794,-0.312297221354965
6,Occitanie,0.745624413078887,0.867293813526838,817.271605533194,383.6060087577,-0.312297221354965
7,Occitanie,0.717406099000639,1.01852605659593,1600.22326745473,53.8715346290002,-0.312297221354965
8,Occitanie,0.771164931841179,0.806684327877422,786.515314101644,266.59993054557,-0.312297221354965
9,Occitanie,0.758672932940588,0.79685204286233,489.896152560138,441.665865103664,-0.312297221354965
10,Occitanie,0.740240159890217,0.973291059768693,544.931908927379,526.384307419677,-0.312297221354965
1,PACA,0.793258267556508,0.906424418005617,621.133553160612,251.760302222331,-0.312297221354965
2,PACA,0.81569301522842,1.13832998583654,806.469817343532,127.45546940228,-0.312297221354965
3,PACA,0.806137018994418,1.01026077278481,515.616159445561,296.84814729546,-0.312297221354965
4,PACA,0.823972912139796,0.90502655774277,853.213575092439,61.7679602265935,-0.312297221354965
5,PACA,0.790823506644252,0.911448391733087,728.013520307986,197.10127209876,-0.312297221354965
6,PACA,0.840405733579339,0.902663305253008,563.665030880756,149.534561068764,-0.312297221354965
7,PACA,0.788874719476671,0.930275381910571,705.505895468354,237.765434966203,-0.312297221354965
8,PACA,0.792824469301474,1.11906791763003,668.611986243387,248.792164661724,-0.312297221354965
9,PACA,0.800712943890764,1.08267758696806,897.101947391968,97.8497074217093,-0.312297221354965
10,PACA,0.794222808227212,1.01072521010394,804.423310237849,165.982864443869,-0.312297221354965
