rep,id,eta_b1,eta_Dq,eta_E0,eta_A0,eta_betat1
1,IDF,0.312066134294845,0.424003290855439,0.782571755196216,-0.597419530831466,-0.522523234254181
2,IDF,0.319453671664561,0.511626815435552,0.628970139221931,-0.0497845992186327,-0.540713167933582
3,IDF,0.298153581926565,0.546017515321366,0.576115064691094,0.434877950237816,-0.541867202049427
4,IDF,0.315137947713078,0.432079220849491,0.787504053652584,-0.430005570284922,-0.576854166813238
5,IDF,0.324414684813943,0.47652163705757,0.544165371253246,0.172036341093578,-0.57350954657129
6,IDF,0.285355094371485,0.553818644815784,0.969833517684996,-0.942612901910931,-0.513566209009357
7,IDF,0.340147791980401,0.505870735160266,0.631704201786285,-0.294711006637887,-0.612380499629594
8,IDF,0.304624618557929,0.429789459706968,0.580843408367354,0.268053875482395,-0.523025382642308
9,IDF,0.330737406629625,0.504647658665889,0.701430420628967,-0.458220613411671,-0.58186864179565
10,IDF,0.296732530128232,0.443193066521771,0.592124598403801,0.327435816772973,-0.505265997692746
1,NAquitaine,0.196434844568179,-1.31549716011533,-0.678152705076554,-0.825260395533053,-0.0830851990715342
2,NAquitaine,0.198668504670631,-0.983802926110373,-1.48439634629487,-0.197881419455822,-0.121236631201327
3,NAquitaine,0.204383581359091,-0.378981694877727,-1.69505036354138,-0.08299528821124,-0.0884339185388652
4,NAquitaine,0.170524050930394,-0.794400165541981,-0.904907261553251,-0.494627800981536,-0.0130060185819745
5,NAquitaine,0.178333397412242,-0.992749541402271,-0.710336428863939,-0.851274488521135,-0.0571804830093538
6,NAquitaine,0.144702995998926,-0.449284797324291,-0.841128874989442,-0.152915953140018,-0.114641930713233
7,NAquitaine,0.175417698815894,-0.886231495754756,-1.74121683989078,-0.0025336263461689,-0.10992765704835
8,NAquitaine,0.198919037084789,-0.635674473290507,-2.38413505461975,0.0763933248785689,-0.0838823008690008
9,NAquitaine,0.226178987611117,-0.687828906128353,-0.979988289928204,-0.681286200885751,-0.124676942974794
10,NAquitaine,0.263973224875091,-0.801090334391881,-1.108565645479,-0.898798605749105,-0.131408947919678
1,AURA,0.0623955662655829,-0.251830846047914,0.54350603869009,-0.756138490349203,-0.0749412802578272
2,AURA,0.0533338864410359,-0.344527914819838,0.43077451051502,-0.179203526200448,-0.0570053661632952
3,AURA,0.0139688601844792,-0.297366079230885,0.481405516161301,0.165738671457707,-0.0176248511567666
4,AURA,0.0636854612205603,-0.519527057622049,0.499875960328799,-0.819858912418068,-0.0447342553785161
5,AURA,0.077194967227997,-0.351107582260935,0.315859695496544,-0.00361269288384636,-0.130487732169314
6,AURA,0.0646184557212074,-0.37240783390294,0.563236521861536,-0.881524004748612,-0.109563028306522
7,AURA,0.0754703826604454,-0.509197968808786,0.488892977914053,-0.855379811629605,-0.108859925459417
8,AURA,0.0330697387813873,-0.290549721059134,0.736543716068689,-1.0060303914625,-0.0737288359392871
9,AURA,0.0731645775427439,-0.257452793686366,0.571272425735388,-1.38310072646955,-0.0960338323296567
10,AURA,0.085859479252878,-0.405165477818111,0.414403981950337,-0.722000400655704,-0.0992417257987755
1,Centre,0.1723945934778,1.37490920056632,-0.576211415504252,0.238732138319792,0.102685610732247
2,Centre,0.138129566931681,1.14675832101758,-0.865782816309141,0.499686709147233,0.126844318771267
3,Centre,0.166412040790611,0.963190613845059,-0.20687206656019,-0.494042171045535,0.14778841041479
4,Centre,0.175076147585012,1.4597756868259,-1.26936708295253,0.722751987252898,0.0213393488342579
5,Centre,0.204419658863246,1.46867057309978,-0.608582209732302,0.164192657681138,0.100491145160938
6,Centre,0.292808741167082,1.42103666853413,-1.05708974938973,0.230914212480601,-0.0323070614782015
7,Centre,0.168912596452098,1.49995581543116,-0.3959057026681,0.257624676842882,0.0716162246306595
8,Centre,0.156072322966445,1.44683226395018,-0.0491777014051746,0.0960999015693563,0.0577403134881483
9,Centre,0.20598519993219,1.32296390667439,-1.62846267187373,0.661444378372766,0.00587914357582564
10,Centre,0.213074052745527,1.46405752257498,-0.856713347518153,0.489764393895936,0.0105630321062075
1,BFC,-0.164831997110642,-0.330105233448108,-1.24164884101091,0.932984303081824,0.0337202670866305
2,BFC,-0.142712691481152,-0.249158064609122,-0.68718523134015,0.688956356720676,-0.037216777040392
3,BFC,-0.0926602295383588,-0.64733908978283,-0.98415519734874,0.444254292558805,-0.0077889911849069
4,BFC,-0.120663533762163,-0.318117582090814,-0.870891840165908,0.623924514121158,-0.0626648083050069
5,BFC,-0.103896235983785,-0.451114202559219,-1.35193372851808,0.665815928298823,0.0176714287500447
6,BFC,-0.135078149138417,-0.298439303992265,-1.36982134301976,0.86436447638597,-0.0467580185476685
7,BFC,-0.0841658407211478,-0.473949428742883,-0.345925471776109,0.0393247208596822,-0.0947806546680937
8,BFC,-0.0992220992801799,-0.209808256819868,-0.64537069720512,0.450294540789483,-0.0962981989621256
9,BFC,-0.138366914496525,-0.25865605616955,-1.11873461663557,0.836227456372924,-0.0666105771208192
10,BFC,-0.164149442382355,-0.565606053632939,-1.01062617145754,0.857129750244649,0.0290018561138264
1,Normandie,-0.12120541166352,1.22557902993885,1.14993228965499,-0.395824471719059,0.232405494111698
2,Normandie,-0.063495516459636,1.26444806696261,1.0003825507216,-0.0582689336619957,0.113107441400437
3,Normandie,-0.204683155301683,1.40651297393224,0.972894705304878,0.482267981737066,0.384620360754262
4,Normandie,-0.159682749112731,1.21973746589403,1.10278585679274,-1.83056716422806,0.354238970873293
5,Normandie,0.006654352133205,1.41470290273197,1.0622608299379,-1.39113259538919,0.0152212165982565
6,Normandie,-0.104840042101189,1.27580563276371,1.13068706922339,-1.52603990472184,0.244816277581278
7,Normandie,-0.164390860282669,1.18529979496898,1.20426266243983,-0.365123014399838,0.303021062198602
8,Normandie,-0.193682757713613,1.41036691582819,1.10310905392811,0.185102177011458,0.331340313154162
9,Normandie,-0.11915063846448,1.3196963509908,1.13662970306628,-0.802888309069773,0.19999224062097
10,Normandie,-0.213993718732909,1.23544252687951,1.0156487606476,0.36901829645,0.37438656416236
1,HDF,-0.350069566080761,0.59602592498483,1.01292747028186,0.636056132748408,0.675640551565982
2,HDF,-0.30130353642644,0.549821659889879,1.10804574411371,-0.791220265520334,0.611868421513685
3,HDF,-0.20467724278793,0.731305003159316,0.96841976178762,-0.897305657312626,0.43413767940048
4,HDF,-0.339305150215915,0.758820967655672,1.2098180630451,-0.519266296447243,0.674500987868849
5,HDF,-0.306218981944905,0.547874252261699,1.16568407922165,-1.6728387284114,0.602864035975916
6,HDF,-0.32899120226127,0.651667891129287,1.15748357104912,0.0400619857618328,0.602012430966278
7,HDF,-0.326653012843561,0.608054272374799,1.18917998741562,-0.562441322580524,0.624911233870053
8,HDF,-0.279758345896576,0.701413104536082,1.12351783036785,-0.829983070474097,0.543341302333039
9,HDF,-0.297279297898411,0.835829239406122,1.14971477722648,-0.59882737375002,0.597771305628958
10,HDF,-0.277609934058504,0.591302288701894,1.05627982050153,-0.855060034998937,0.552740575923254
1,GrandEst,0.0840885043138736,0.67337388880628,-0.466144192856348,1.22320394393163,-0.242247538678659
2,GrandEst,0.0735537780435141,0.7072691574558,-0.513436066830251,1.26366812478227,-0.203031350799986
3,GrandEst,0.019159265257917,0.737833079325356,-0.816852286847188,1.60889166132643,-0.154851158602139
4,GrandEst,0.0188769627560989,0.795956564677902,-0.846045216910394,1.60096789624965,-0.100682568382649
5,GrandEst,0.0518745445937532,0.722170119187781,-0.602265836775772,1.39008254317839,-0.189904591795011
6,GrandEst,0.0533547540849324,0.77655796378275,-0.0996426021547073,1.24860998812626,-0.182133069835563
7,GrandEst,0.0442385272526627,0.740803792242224,-0.47451379475914,1.41256526966342,-0.168728699863769
8,GrandEst,0.0122813062387564,0.777577859794101,-0.306126535329217,1.51343788532704,-0.104953773458724
9,GrandEst,0.0193553383421746,0.705423560034176,-0.627285445271731,1.49197973790664,-0.103018708523015
10,GrandEst,0.0596029256211499,0.764195496979203,-0.265989471181755,1.25972908898485,-0.168625222844702
1,PaysLoire,-0.257107404840395,-2.99391049208667,0.208648378007156,1.46258678639887,0.492584552630757
2,PaysLoire,-0.0212573465047524,-4.03967136567611,0.420462621321723,-0.0159235100061967,0.0256203018928503
3,PaysLoire,-0.085501551766904,-2.68274995046433,0.474297934608487,0.520580553907231,0.182294641658206
4,PaysLoire,-0.135514799194829,-2.69333547477617,0.801244416168464,0.171338824313581,0.231609951946845
5,PaysLoire,-0.0289722223277277,-4.07705799528078,0.716731591456932,-1.80675550114579,0.00618742463729044
6,PaysLoire,-0.128842805476991,-3.74828793402856,0.122541836057426,0.995343207446169,0.298811184220012
7,PaysLoire,-0.0736695542405843,-3.25673238888458,0.37811141044871,0.507663923405657,0.167036997819548
8,PaysLoire,-0.00441096080130679,-2.89344637827222,0.0885370151203498,0.617803900186508,0.0137434199599072
9,PaysLoire,-0.0951863378914535,-3.47336399581879,0.577146931952117,0.202095507624771,0.171141120499974
10,PaysLoire,-0.0038453154737213,-4.06722794594434,0.41212500339058,0.213972957533926,-0.0130552602782462
1,Bretagne,-0.12610960549886,0.491460236767704,0.220058417772584,-1.72749646396082,-0.00201381697154113
2,Bretagne,-0.204148810273851,0.703299305652168,0.187326653662982,-0.0226460861017018,0.0828030108108868
3,Bretagne,-0.229724751262488,0.365675841089583,0.229825879671968,-0.392561912751041,0.302997194595711
4,Bretagne,-0.184708133734207,0.553948081435397,0.275649856854307,-0.887559778745378,0.108281741453144
5,Bretagne,-0.270393502353037,0.279631212622096,0.286571074361977,-0.252097552423985,0.275222850644938
6,Bretagne,-0.17150978829572,0.386670986610214,0.144558779471356,-0.532696721955105,0.0831964850094053
7,Bretagne,-0.229477795417619,0.616833995015182,0.321510296154714,-0.778394480101097,0.216902941622822
8,Bretagne,-0.243556648596822,0.613087040259254,0.358125127472338,-0.236170540445251,0.141206463550247
9,Bretagne,-0.138739505111696,0.54402252983358,-0.133040836308697,-0.274997563535783,0.0660717320156747
10,Bretagne,-0.285275180712645,0.614088591554905,0.385018282283581,-0.0518639209661147,0.315919186657204
1,Occitanie,-0.061297106943652,-0.1818107813365,-0.0214083653583874,0.143042084511505,-0.0781821097590349
2,Occitanie,0.0316795980741571,-0.147385462057782,0.0064665622465525,-0.701506213216906,-0.239396166045427
3,Occitanie,-0.0185416095052755,-0.121959396934407,0.174196711044539,-0.479379011070597,-0.162615362769829
4,Occitanie,-0.0054458972655266,-0.0857559273726806,-0.0137993125237878,-0.126318223874171,-0.124457984975251
5,Occitanie,-0.0390083550484873,-0.161193702786565,-0.123912120253904,0.25787202043062,-0.146692185571425
6,Occitanie,-0.0131772202106283,0.0563233897959347,-0.466835552522262,0.471546006330079,-0.200544162117702
7,Occitanie,0.0547020111196504,-0.000242006749224213,-0.220572565026825,-0.23571106785098,-0.265011203054954
8,Occitanie,-0.0132574819250757,-0.102159208416876,0.274559022746483,-0.778094403766769,-0.175546032239241
9,Occitanie,-0.0293468798634634,-0.344049987257788,0.014264559986085,-0.139716539230138,-0.0786898040279586
10,Occitanie,-0.0538572728478671,0.116691849260369,0.100534861324359,0.0640531967125324,-0.0904993597447982
1,PACA,0.0172128579176712,-0.235940816967401,-0.660105890558649,0.434907043293416,-0.0646770678197564
2,PACA,0.0078703607556278,-0.0462214174405518,-0.15519006245918,0.228233195862215,-0.0876285397620581
3,PACA,0.0148169871060377,-0.22761171987041,-0.272281319145243,0.193818868169857,-0.0652334947218293
4,PACA,-0.0492796802307388,-0.130484002549012,-0.342896353265813,0.587363754590574,0.0754516326569795
5,PACA,0.00852094114785838,-0.0995469771436968,0.171338120926221,-0.492436670061454,-0.034733388886359
6,PACA,-0.0683301155585982,-0.0962288262772701,-0.446442517694086,0.696847110208934,0.133319007621859
7,PACA,0.0143293654142238,-0.322309551646883,0.0354070401427828,-0.445420108886672,-0.062780647259734
8,PACA,0.0138245669782878,-0.25589659643886,-0.803635349013089,0.551190893508271,-0.013069009140041
9,PACA,-0.0622105505500032,-0.0278461424303092,-0.43485746197933,0.716839406843296,0.103922780139874
10,PACA,-0.0048487153578481,-0.0450934925409733,-0.422434731678932,0.430893047758763,-0.0430128144341848
