rep,id,b1,Dq,E0,A0,betat1,eta_b1,eta_Dq,eta_E0,eta_A0,eta_betat1
1,1,0.0130223499627358,0.560521466565342,7.96977990202346,4.74167166141764,-0.701262517072657,0.312356059887355,0.477529678752748,0.888508840208687,-1.14354946677615,-0.562978578759598
2,1,0.00746548900397184,0.568023625863136,7.89216002957404,5.48970112065961,-0.681664403071949,0.306799198928591,0.485031838050543,0.810888967759269,-0.395520007534182,-0.54338046475889
3,1,0.0203617637646388,0.53232850203279,7.62244648282462,6.09398517569125,-0.693537373412825,0.319695473689258,0.449336714220196,0.541175421009846,0.208764047497463,-0.555253435099766
4,1,0.0130607285335897,0.561985559417604,7.79264693346096,5.76073159436817,-0.690375555262866,0.312394438458209,0.47899377160501,0.711375871646192,-0.124489533825621,-0.552091616949807
5,1,0.00297466085761681,0.594677153337878,7.83910928984507,5.84019273283282,-0.700368235191316,0.302308370782236,0.511685365525285,0.757838228030304,-0.0450283953609691,-0.562084296878257
1,2,-0.0724691015617581,-0.8599930533817,5.57624582836122,5.48171303977159,-0.212333487013975,0.226864608362861,-0.942984841194293,-1.50502523345355,-0.403508088422203,-0.0740495487009165
2,2,-0.190281400696441,-0.684413517900534,6.00006314806996,5.84821121409365,-0.0853958849541079,0.109052309228179,-0.767405305713128,-1.08120791374481,-0.0370099141001345,0.0528880533589508
3,2,-0.00932601020863676,-0.795592592700506,5.74394493944518,5.14994905701479,-0.400571670497149,0.290007699715983,-0.8785843805131,-1.33732612236959,-0.735272071178994,-0.262287732184091
4,2,-0.0827501736690734,-0.755379954378968,5.39964630537559,5.74408961069524,-0.314790799665497,0.216583536255546,-0.838371742191562,-1.68162475643918,-0.141131517498553,-0.176506861352438
5,2,-0.135408953114398,-1.01696769661676,5.84682247506044,5.7855001545924,-0.193991588203943,0.163924756810222,-1.09995948442935,-1.23444858675433,-0.099720973601392,-0.0557076498908841
1,3,-0.206746270019833,-0.146931460090091,7.66788873717512,4.33006424998101,-0.309693286648637,0.0925874399047865,-0.229923247902684,0.586617675360349,-1.55515687821278,-0.171409348335578
2,3,-0.247023676245664,-0.135589318978116,7.52659314662966,5.77328813684084,-0.216049753163755,0.0523100336789556,-0.21858110679071,0.445322084814888,-0.111932991352949,-0.077765814850696
3,3,-0.26343563741266,-0.262674737711393,7.80268291221236,4.45099351302927,-0.178438359565978,0.035898072511959,-0.345666525523987,0.721411850397586,-1.43422761516451,-0.0401544212529191
4,3,-0.216880266947323,-0.216275927548207,7.56647941821566,4.90069805347567,-0.256267763899304,0.0824534429772965,-0.299267715360801,0.485208356400887,-0.984523074718122,-0.117983825586246
5,3,-0.228965005838321,-0.335872499674613,7.67228920567072,4.6059229717971,-0.24545663507536,0.0703687040862987,-0.418864287487207,0.591018143855952,-1.27929815639669,-0.107172696762301
1,4,-0.00539533832138954,1.61868726798806,5.84877238722908,6.19531989008448,-0.237841933971411,0.29393837160323,1.53569548017546,-1.23249867458569,0.310098761890695,-0.0995579956583527
2,4,-0.23458692193449,1.6868500759049,6.30750447961591,6.59327033788629,0.0860672399662862,0.0647467879901295,1.60385828809231,-0.773766582198855,0.708049209692504,0.224351178279345
3,4,-0.0655418424540143,1.4348115522603,5.59625750148948,6.45514284510018,-0.234481261729914,0.233791867470605,1.35181976444771,-1.48501356032529,0.56992171690639,-0.0961973234168557
4,4,-0.243179366807348,1.82145906753794,5.92935054593863,6.93125489380089,-0.0482615118625666,0.0561543431172711,1.73846727972535,-1.15192051587614,1.0460337656071,0.0900224264504921
5,4,-0.154540410038944,1.42132939133463,5.86296757942013,6.53103413817949,-0.0831117122272866,0.144793299885675,1.33833760352204,-1.21830348239464,0.645813009985696,0.0551722260857721
1,5,-0.397801362202615,-0.439961505702719,6.3292378783782,6.34177188139835,-0.208514820162782,-0.0984676522779957,-0.522953293515313,-0.752033183436573,0.456550753204565,-0.0702308818497228
2,5,-0.317804718321838,-0.0152134042649323,5.90204593495481,6.2874225283562,-0.356498450608048,-0.0184710083972187,-0.0982051920775259,-1.17922512685996,0.402201400162413,-0.218214512294989
3,5,-0.361569785388981,-0.281225175107558,5.70266234013274,6.40378069988286,-0.265581583781044,-0.0622360754643611,-0.364216962920152,-1.37860872168203,0.51855957168907,-0.127297645467985
4,5,-0.379869524361262,-0.132611094059036,6.25531463374756,6.28630040002893,-0.216318642406168,-0.0805358144366426,-0.21560288187163,-0.825956428067204,0.401079271835138,-0.0780347040931094
5,5,-0.401751746048215,-0.377613902704425,6.63110376128348,5.99263342556007,-0.158203019844293,-0.102418036123596,-0.460605690517019,-0.450167300531285,0.107412297366278,-0.019919081531234
1,6,-0.463039608399573,1.43659937106353,8.35747974838793,3.97585280560371,0.174585971289692,-0.163705898474953,1.35360758325093,1.27620868657316,-1.90936832259007,0.312869909602751
2,6,-0.326951438995642,1.09639510060507,7.9245950196043,5.58176829444044,-0.0428927998929092,-0.0276177290710228,1.01340331279248,0.843323957789527,-0.303452833753346,0.0953911384201496
3,6,-0.501067572965889,1.27329830297869,8.32485528204413,5.71797964095746,0.162804974804721,-0.20173386304127,1.1903065151661,1.24358422022936,-0.167241487236325,0.30108891311778
4,6,-0.522644098512081,1.18786031868541,8.26274335131288,5.41382399889481,0.184813490667082,-0.223310388587462,1.10486853087281,1.18147228949811,-0.471397129298979,0.323097428980141
5,6,-0.527571410331434,1.30885636580585,8.14907525165878,6.32276454341667,0.266241595893258,-0.228237700406815,1.22586457799326,1.06780418984401,0.437543415222877,0.404525534206317
1,7,-0.556959864798518,0.760504370069409,8.10513392742308,5.13587733310738,0.380584771729769,-0.257626154873899,0.677512582256815,1.02386286560832,-0.749343795086411,0.518868710042828
2,7,-0.613913502210275,0.737604333663641,8.19168968210767,6.03588968040618,0.43530530491701,-0.314579792285655,0.654612545851047,1.1104186202929,0.150668552212388,0.573589243230069
3,7,-0.597114498287519,0.658885177643164,8.18416773165753,5.33318910104926,0.420100265099157,-0.2977807883629,0.57589338983057,1.10289666984276,-0.552032027144532,0.558384203412216
4,7,-0.577614565954024,0.637362197107696,8.20625040626877,5.1445646405954,0.407790234053377,-0.278280856029405,0.554370409295103,1.124979344454,-0.740656487598392,0.546074172366436
5,7,-0.567419559361366,0.627803123786243,8.09060934490061,6.11233299064192,0.370483283116371,-0.268085849436747,0.54481133597365,1.00933828308584,0.227111862448131,0.50876722142943
1,8,-0.237035875319459,0.799533110821338,6.95320561566876,7.08306347052057,-0.303486845982122,0.0622978346051604,0.716541323008745,-0.128065446146006,1.19784234232678,-0.165202907669063
2,8,-0.246640242630303,0.774790860709792,6.85937171726007,7.12622908832602,-0.294752480112684,0.0526934672943169,0.691799072897199,-0.221899344554697,1.24100796013223,-0.156468541799625
3,8,-0.258604788060568,0.780118534270495,6.95127929854636,7.16083185759343,-0.285657016515292,0.0407289218640519,0.697126746457902,-0.129991763268405,1.27561072939964,-0.147373078202233
4,8,-0.271815198610519,0.80151594762424,6.43501439337232,7.36532502401351,-0.260292257281578,0.0275185113141,0.718524159811647,-0.646256668442447,1.48010389581972,-0.122008318968519
5,8,-0.257132127547332,0.854510203940137,6.78254708476121,7.23524181625323,-0.258879264160835,0.042201582377287,0.771518416127544,-0.298723977053556,1.35002068805944,-0.120595325847776
1,9,-0.416082731837135,-2.69392347593561,7.93543044825339,5.36192443480519,0.0857221530667026,-0.116749021912515,-2.7769152637482,0.854159386438624,-0.523296693388599,0.224006091379761
2,9,-0.386308419184347,-2.8114587572378,7.03297720460686,6.77167006336218,0.06875052868416,-0.0869747092597277,-2.89445054505039,-0.0482938572079048,0.886448935168389,0.207034466997219
3,9,-0.314091285641651,-3.27936274648254,7.1341818687058,6.47875423635253,-0.0374555467825314,-0.0147575757170312,-3.36235453429514,0.0529108068910302,0.593533108158737,0.100828391530527
4,9,-0.407109106361294,-2.51395178440566,7.55665607424709,6.70137096151016,-0.0568128386163418,-0.107775396436675,-2.59694357221826,0.47538501243232,0.816149833316367,0.081471099696717
5,9,-0.421176374068839,-3.31955758765342,7.86777022182203,5.48384828119837,0.101146334372815,-0.12184266414422,-3.40254937546601,0.786499160007258,-0.401372846995415,0.239430272685874
1,10,-0.576825548811806,0.712547821438837,7.60331608426755,5.59812309237257,0.0683313966036064,-0.277491838887187,0.629556033626244,0.522045022452784,-0.287098035821217,0.206615334916665
2,10,-0.476615512485099,0.472320480707031,7.26378095168514,4.92700165885138,0.0144232289419871,-0.17728180256048,0.389328692894437,0.182509889870374,-0.958219469342412,0.152707167255046
3,10,-0.510798287816314,0.334211810507395,7.29599191694319,5.62033689388381,-0.0229458805108471,-0.211464577891695,0.251220022694801,0.214720855128419,-0.264884234309981,0.115338057802212
4,10,-0.59956359012057,0.682673165868989,7.66773211600017,5.08805022300603,0.121783175962903,-0.30022988019595,0.599681378056395,0.586461054185405,-0.797170905187761,0.260067114275962
5,10,-0.561487494967753,0.942548798573491,7.65413894283365,5.04986398905623,0.0835816821199796,-0.262153785043133,0.859557010760898,0.572867881018885,-0.835357139137563,0.221865620433038
1,11,-0.246043147687233,-0.114120631604188,7.0849107587042,4.66759293154965,-0.300828605998491,0.0532905622373863,-0.197112419416781,0.003639696889433,-1.21762819664414,-0.162544667685433
2,11,-0.275796973075987,0.144059884356324,6.8506312859045,5.96893747892235,-0.400230559467998,0.0235367368486319,0.06106809654373,-0.230639775910271,0.0837163507285652,-0.261946621154939
3,11,-0.34363553598627,0.106997128838278,6.78170070341369,6.38315840249578,-0.220295663841699,-0.0443018260616505,0.0240053410256846,-0.299570358401077,0.497937274301992,-0.0820117255286398
4,11,-0.320087754283514,-0.127108220282631,7.20713498164232,5.21125898828355,-0.242484847222814,-0.020754044358895,-0.210100008095225,0.125863919827554,-0.673962139910239,-0.104200908909755
5,11,-0.334260131043578,-0.0542066856634949,6.64710438817171,6.42505399276125,-0.294202155872035,-0.0349264211189589,-0.137198473476089,-0.434166673643059,0.539832864567462,-0.155918217558976
1,12,-0.337626607321162,-0.0383166193501174,6.9088077488619,6.21486842810454,-0.0879573381601362,-0.0382928973965426,-0.121308407162711,-0.172463312952873,0.329647299910746,0.0503266001529225
2,12,-0.318062012671317,0.00496885010984849,7.26277692804697,5.31956231587971,-0.102026661935489,-0.0187283027466978,-0.0780229377027451,0.181505866232205,-0.56565881231408,0.0362572763775695
3,12,-0.251005804079278,0.188716255876598,6.65973850498719,6.02784930880971,-0.229191668442658,0.048327905845341,0.105724468064005,-0.421532556827582,0.142628180615925,-0.0909077301295997
4,12,-0.289134531960451,-0.0545528751238226,6.93169250007507,5.93440334669098,-0.169124285699637,0.0101991779641686,-0.137544662936416,-0.149578561739704,0.0491822184971937,-0.0308403473865783
5,12,-0.284972918585292,-0.0945211386540514,6.87578737973761,5.986461501755,-0.189258711198702,0.0143607913393278,-0.177512926466645,-0.205483682077164,0.101240373561207,-0.0509747728856436
