rep,id,b1,Dq,E0,betat1,betat2
1,IDF,2.20613366816291,1.81634477381512,2844.72206019025,-0.270276,-1.0195846566752
2,IDF,2.22707559065613,1.71744939257986,2611.54828594644,-0.270276,-1.0195846566752
3,IDF,2.2203485786398,1.72232249400819,2642.79863189057,-0.270276,-1.0195846566752
4,IDF,2.2207962033859,1.65697158345107,2658.48488345594,-0.270276,-1.0195846566752
5,IDF,2.18829570997581,1.75024591215633,2922.45666097175,-0.270276,-1.0195846566752
6,IDF,2.20877431560969,1.71659741321147,2821.28628522899,-0.270276,-1.0195846566752
7,IDF,2.20144836066668,1.72389030182958,2837.18649456223,-0.270276,-1.0195846566752
8,IDF,2.20464712869686,1.81963621328007,2919.9357443959,-0.270276,-1.0195846566752
9,IDF,2.22159953214287,1.69817196780586,2686.7601851746,-0.270276,-1.0195846566752
10,IDF,2.22893946845359,1.73555490127363,2607.46987717443,-0.270276,-1.0195846566752
1,NAquitaine,2.51162644556713,0.413368193776068,316.192843350207,-0.270276,-1.0195846566752
2,NAquitaine,2.47948881735885,0.517427768801179,382.052059596785,-0.270276,-1.0195846566752
3,NAquitaine,2.50678681741375,0.628850291184739,360.511305672614,-0.270276,-1.0195846566752
4,NAquitaine,2.54815934601835,0.443482773703304,288.844208343792,-0.270276,-1.0195846566752
5,NAquitaine,2.53030591720667,0.552100075830402,315.010630589582,-0.270276,-1.0195846566752
6,NAquitaine,2.50346487212838,0.455068877910562,329.958768707779,-0.270276,-1.0195846566752
7,NAquitaine,2.46890800746357,0.512558358386827,387.441196500156,-0.270276,-1.0195846566752
8,NAquitaine,2.58653036874189,0.516481511767838,258.810535888719,-0.270276,-1.0195846566752
9,NAquitaine,2.51656605849542,0.685378165104538,341.183932544768,-0.270276,-1.0195846566752
10,NAquitaine,2.50548172423433,0.614816221773122,356.909880646712,-0.270276,-1.0195846566752
1,AURA,2.04311453380574,0.524818093979926,349.141678039603,-0.270276,-1.0195846566752
2,AURA,2.04027803265121,0.689175988936151,485.170215669969,-0.270276,-1.0195846566752
3,AURA,2.05819207943407,0.723426080518968,388.497110350155,-0.270276,-1.0195846566752
4,AURA,2.03382806006793,0.621843096887985,461.039539978556,-0.270276,-1.0195846566752
5,AURA,2.03729695617614,0.586787706401326,393.972860726579,-0.270276,-1.0195846566752
6,AURA,2.04149811766949,0.738352290151573,482.237799459375,-0.270276,-1.0195846566752
7,AURA,2.06302731029408,0.590983319419265,302.773542723751,-0.270276,-1.0195846566752
8,AURA,2.06821784939182,0.70816622501328,269.225825470754,-0.270276,-1.0195846566752
9,AURA,2.07516846194965,0.790869065699436,246.294620349249,-0.270276,-1.0195846566752
10,AURA,2.04600721851572,0.64085443806179,375.862983541508,-0.270276,-1.0195846566752
1,Centre,2.45204071204257,4.17257918871147,492.306570508628,-0.270276,-1.0195846566752
2,Centre,2.48576485949421,4.10714947024949,275.698843225265,-0.270276,-1.0195846566752
3,Centre,2.43220452428105,4.57827023336803,439.916422190053,-0.270276,-1.0195846566752
4,Centre,2.43200032765284,3.93235661982533,457.944497406745,-0.270276,-1.0195846566752
5,Centre,2.53017973163558,4.45118993984698,284.443295982515,-0.270276,-1.0195846566752
6,Centre,2.41057133169069,3.75180989873871,468.791120410779,-0.270276,-1.0195846566752
7,Centre,2.46897039828728,3.98040807385457,320.159592634744,-0.270276,-1.0195846566752
8,Centre,2.48954914896648,4.09710469142173,275.301603952324,-0.270276,-1.0195846566752
9,Centre,2.53386703283485,5.2753752737075,342.571265893136,-0.270276,-1.0195846566752
10,Centre,2.48857561816966,4.34145759344397,345.437978318054,-0.270276,-1.0195846566752
1,BFC,1.93129868815111,0.73673580516062,768.674074050582,-0.270276,-1.0195846566752
2,BFC,1.92240499184272,0.82814783098698,836.350348467884,-0.270276,-1.0195846566752
3,BFC,1.93741792078496,0.839068921740475,824.388559925831,-0.270276,-1.0195846566752
4,BFC,1.89165456532392,0.761758339575319,878.769896958562,-0.270276,-1.0195846566752
5,BFC,1.92592644354428,0.90906056936828,808.202767320228,-0.270276,-1.0195846566752
6,BFC,1.91284302791739,0.716720991133521,832.122879109858,-0.270276,-1.0195846566752
7,BFC,1.90318837315956,0.902866200148289,881.954169287452,-0.270276,-1.0195846566752
8,BFC,1.92927614919863,0.717401914661842,792.427912149944,-0.270276,-1.0195846566752
9,BFC,1.93484673322957,0.796547468526723,798.669043217061,-0.270276,-1.0195846566752
10,BFC,1.88460901887368,0.785585606072072,890.510211889254,-0.270276,-1.0195846566752
1,Normandie,1.95095367225864,3.00742903822772,1743.626802667,-0.270276,-1.0195846566752
2,Normandie,1.99001913435045,2.98509126914518,1556.01869808729,-0.270276,-1.0195846566752
3,Normandie,1.97556507982434,2.90946948631578,1752.92394182537,-0.270276,-1.0195846566752
4,Normandie,1.95181025865223,3.3604771300288,1845.27730517821,-0.270276,-1.0195846566752
5,Normandie,1.90728537414951,3.3864511951191,2174.02535968583,-0.270276,-1.0195846566752
6,Normandie,1.99391464018515,3.50815147900718,1885.76212938751,-0.270276,-1.0195846566752
7,Normandie,2.03130902932071,3.23498687092701,1402.56761384358,-0.270276,-1.0195846566752
8,Normandie,1.98962077148645,3.21722865465956,1964.1358002683,-0.270276,-1.0195846566752
9,Normandie,1.98918836287232,3.20978410971932,1732.35254258724,-0.270276,-1.0195846566752
10,Normandie,1.9993835357916,3.56366080250415,1645.19642489202,-0.270276,-1.0195846566752
1,HDF,1.80794832453124,2.01275541548354,1169.04535359423,-0.270276,-1.0195846566752
2,HDF,1.80818606786491,1.79968959149833,1035.78756528056,-0.270276,-1.0195846566752
3,HDF,1.81561463790092,1.86121823327227,1030.0786810041,-0.270276,-1.0195846566752
4,HDF,1.85303345078664,2.07201065868715,756.864131835121,-0.270276,-1.0195846566752
5,HDF,1.83470710455041,1.7940813525838,723.10635888161,-0.270276,-1.0195846566752
6,HDF,1.80723291075248,2.00453442193845,1189.50029143321,-0.270276,-1.0195846566752
7,HDF,1.83791015192506,2.1313856430478,982.600743380204,-0.270276,-1.0195846566752
8,HDF,1.83686197891983,1.97487273534643,946.467186182449,-0.270276,-1.0195846566752
9,HDF,1.830258502138,2.04103249357077,834.329300825161,-0.270276,-1.0195846566752
10,HDF,1.8156759760236,1.93527612719639,1050.47230756564,-0.270276,-1.0195846566752
1,GrandEst,1.95025678666512,2.55768889345076,3661.11953987901,-0.270276,-1.0195846566752
2,GrandEst,1.9726736617826,2.61353096625518,3454.37674061277,-0.270276,-1.0195846566752
3,GrandEst,1.95920369288654,2.61474927578469,3636.0829311706,-0.270276,-1.0195846566752
4,GrandEst,1.97722003229707,2.56212470740924,3480.21830784078,-0.270276,-1.0195846566752
5,GrandEst,1.96872021250845,2.53480886850373,3537.51194425425,-0.270276,-1.0195846566752
6,GrandEst,1.93335973858029,2.52311837160482,3909.89684803096,-0.270276,-1.0195846566752
7,GrandEst,1.9735531087956,2.52256766109229,3494.3418559011,-0.270276,-1.0195846566752
8,GrandEst,1.96619474408804,2.43643471552927,3474.09654463701,-0.270276,-1.0195846566752
9,GrandEst,1.9761800099277,2.4454791687102,3422.39705205985,-0.270276,-1.0195846566752
10,GrandEst,1.94503956160428,2.51767395304908,3674.85223928225,-0.270276,-1.0195846566752
1,PaysLoire,2.36490950191197,0.0312479936104972,181.951571142396,-0.270276,-1.0195846566752
2,PaysLoire,2.33265075840785,0.030419180038164,329.263767847337,-0.270276,-1.0195846566752
3,PaysLoire,2.34477052181038,0.0174460998566507,235.328787698192,-0.270276,-1.0195846566752
4,PaysLoire,2.37819960005988,0.0365935538821013,203.045262700809,-0.270276,-1.0195846566752
5,PaysLoire,2.35927620153423,0.0464639788538469,244.931728456442,-0.270276,-1.0195846566752
6,PaysLoire,2.30102456661569,0.0319895564661666,380.614764965158,-0.270276,-1.0195846566752
7,PaysLoire,2.28579245581134,0.0737257896801523,458.789785602419,-0.270276,-1.0195846566752
8,PaysLoire,2.31780981875695,0.0785832692831676,399.855032099736,-0.270276,-1.0195846566752
9,PaysLoire,2.34820568943331,0.0397091246880451,207.153126295957,-0.270276,-1.0195846566752
10,PaysLoire,2.35922961683305,0.026618509391568,200.663446168678,-0.270276,-1.0195846566752
1,Bretagne,1.84227248488637,1.58921470005374,421.829761986936,-0.270276,-1.0195846566752
2,Bretagne,1.82946728368818,1.68307525919264,451.665132133412,-0.270276,-1.0195846566752
3,Bretagne,1.79225673534187,1.2449079856874,520.151281159585,-0.270276,-1.0195846566752
4,Bretagne,1.84692264453011,1.46724868846953,364.331669473659,-0.270276,-1.0195846566752
5,Bretagne,1.86640706222745,1.43753265168754,370.923065067184,-0.270276,-1.0195846566752
6,Bretagne,1.80402421679144,1.15801534505839,510.252232157671,-0.270276,-1.0195846566752
7,Bretagne,1.8653804224887,1.65592564655861,408.191189628184,-0.270276,-1.0195846566752
8,Bretagne,1.78106347475392,1.64522109657731,641.51175692022,-0.270276,-1.0195846566752
9,Bretagne,1.78070099490347,1.17138531070893,679.326374686919,-0.270276,-1.0195846566752
10,Bretagne,1.87423665840748,1.78244944086024,375.425667105393,-0.270276,-1.0195846566752
1,Occitanie,2.15541733986288,1.07851455776861,694.918902315808,-0.270276,-1.0195846566752
2,Occitanie,2.1141822637154,0.683032409520394,804.712538377574,-0.270276,-1.0195846566752
3,Occitanie,2.1497845001902,0.852162741815275,737.432728727107,-0.270276,-1.0195846566752
4,Occitanie,2.15721424565681,0.976783515791329,771.037371916755,-0.270276,-1.0195846566752
5,Occitanie,2.13383560639369,0.913975656496631,762.428622715205,-0.270276,-1.0195846566752
6,Occitanie,2.17196102110074,1.16356516578671,729.284013213428,-0.270276,-1.0195846566752
7,Occitanie,2.17856428803963,0.821626748860928,652.998892348913,-0.270276,-1.0195846566752
8,Occitanie,2.17165908564878,0.87671482284591,702.649821792937,-0.270276,-1.0195846566752
9,Occitanie,2.12911593698238,1.00262404345362,793.203804483017,-0.270276,-1.0195846566752
10,Occitanie,2.13282039540021,0.918564112037757,748.78102110934,-0.270276,-1.0195846566752
1,PACA,2.06129968293167,0.961973247581203,908.25000533966,-0.270276,-1.0195846566752
2,PACA,2.06307697979131,1.06595176828789,917.750312823551,-0.270276,-1.0195846566752
3,PACA,2.09950768373596,0.964906440614904,807.852296158934,-0.270276,-1.0195846566752
4,PACA,2.07860419204766,0.919041025554463,822.166066500291,-0.270276,-1.0195846566752
5,PACA,2.09637652178046,0.773069439574806,786.551625894599,-0.270276,-1.0195846566752
6,PACA,2.06288655108177,0.922780865665438,894.164939192919,-0.270276,-1.0195846566752
7,PACA,2.11570427303461,1.15120479247766,779.481426445136,-0.270276,-1.0195846566752
8,PACA,2.1256546579162,0.847901388040736,738.760001173014,-0.270276,-1.0195846566752
9,PACA,2.07577001605483,0.830018648906481,816.007550528091,-0.270276,-1.0195846566752
10,PACA,2.07059655943846,1.00344105556126,840.744100035509,-0.270276,-1.0195846566752
