rep,id,eta_b,eta_Dq,eta_E0,eta_A0
1,IDF,0.127548436252406,0.623803428037122,-1.48683136813107,1.51372959386178
2,IDF,0.13695951596596,0.530071492523078,-0.815598118278462,1.42343582162806
3,IDF,0.138985306815652,0.714102885412932,-1.13188438279914,1.43048295784439
4,IDF,0.137818394867171,0.668357074944536,-1.16681380413016,1.43123265232069
5,IDF,0.128788763322928,0.604233884673635,-0.857235230548567,1.46615090991208
6,IDF,0.131302665905611,0.557897840848271,-0.272463911162298,1.3926957527644
7,IDF,0.141906094239759,0.46918741315198,-0.929146638467795,1.40000370343431
8,IDF,0.141725628231662,0.580058051379692,-1.21848379931588,1.42378133319011
9,IDF,0.12242811639765,0.641987955169307,-0.439363225492195,1.44863144247441
10,IDF,0.140118902187886,0.502127401365705,-0.391905171026369,1.33380836484447
1,NAquitaine,0.188346826909887,-0.189513594458843,-0.372792110424605,0.199841288710146
2,NAquitaine,0.192546457840651,-0.882293553214715,-0.674566032820746,0.225536756820263
3,NAquitaine,0.189459506494429,-0.0834215683934439,-1.32709747174376,0.47599534048573
4,NAquitaine,0.115810790615814,-0.140831609880167,-0.948755025805789,0.667618700991695
5,NAquitaine,0.173824120741769,-1.01787702712468,-0.726914649212143,0.343680872686685
6,NAquitaine,0.170599143795427,-0.0444884273151556,-0.464834883454714,0.308517202526963
7,NAquitaine,0.215474716300537,0.0212815077529586,-1.04060373408934,0.349567190786248
8,NAquitaine,0.118622455863744,0.144261966769587,-0.406334247672349,0.526718776559865
9,NAquitaine,0.24068829418007,-0.344999848579652,-0.13079140496073,-0.298623781976042
10,NAquitaine,0.223978207967502,-0.622683087050459,-0.645071360464547,0.122601460854325
1,AURA,0.0236722296585726,0.534123152795453,-0.890715860895742,1.05222647239973
2,AURA,0.0586356179137529,0.284913679781985,0.494464958408922,0.273656805871216
3,AURA,0.0215877911068118,0.617629232926972,-0.165467372279182,0.923147330367948
4,AURA,0.033105409256025,0.554280659582982,-0.364939268723912,0.890609756995257
5,AURA,0.0511390526009582,0.221916515004869,-1.14513275393152,0.933441581091941
6,AURA,0.023441719725325,0.494564620500827,-0.688095602613034,1.02713069030624
7,AURA,0.0296871494630478,0.346041000869211,-0.929119062468308,1.05028306239801
8,AURA,0.0422931597506684,0.330572602439079,-0.834916107951597,0.961878090493124
9,AURA,-0.0249384916405621,0.644092549145476,-0.128297040220601,1.15391672031886
10,AURA,0.0420122904867857,0.284556259463478,-0.644469679784776,0.92473834783004
1,Centre,0.308163393518658,1.40677414479435,-0.362514631631913,-2.73705102379909
2,Centre,0.288221214843278,1.54369070302001,-0.487861960837173,-1.55650539522815
3,Centre,0.35059587480754,1.29869309284853,-0.554996626316581,-2.16516225025271
4,Centre,0.318867069160588,1.34991978953431,-0.384046057573336,-2.858554596099
5,Centre,0.287090203593509,1.67068902672295,-0.528768868765687,-1.52627846572713
6,Centre,0.267735937226444,1.73578181936939,-0.359906297089424,-1.53199368506636
7,Centre,0.271043925322808,1.72651434701435,-0.408986107596154,-1.39623255602582
8,Centre,0.27021619714457,1.77064582588081,-0.417871689545915,-1.4718099274069
9,Centre,0.326325400734187,1.39030428883913,-0.300691622700215,-3.83448409803453
10,Centre,0.335787246220346,1.38130091671905,-0.583259525389887,-1.98492122808151
1,BFC,-0.0440689157433769,0.188414606404879,-0.518310453654188,0.384551671790047
2,BFC,-0.0516881223610173,0.0386490991090862,-0.406159685538952,0.352584850162742
3,BFC,-0.0258110026815063,-0.25789553741237,-0.767852101651182,0.405674048081468
4,BFC,-0.0559012824787838,-0.148026938182106,-0.197859043181615,0.32342898176847
5,BFC,-0.0841151405509504,0.117680904113948,-0.838063283488,0.646642492317676
6,BFC,-0.0430521711265949,-0.331265948710387,-0.57070750463678,0.368073735923441
7,BFC,-0.0820687559132564,-0.331566280459352,-0.994896001644946,0.748224895860006
8,BFC,-0.0476532885092155,0.0386001677912175,-0.269033597427702,0.277379823030097
9,BFC,-0.0476789945377114,-0.180591141486823,-0.809742539745405,0.50459998740992
10,BFC,-0.0629371360133687,0.0511430123328708,-0.471020681967679,0.451829464274048
1,Normandie,0.085708098165195,1.77314724609242,1.99827194791764,-0.269578981768757
2,Normandie,0.170740037413868,1.55640336105552,1.69380936171983,-0.486076035232271
3,Normandie,0.0759484706634947,1.43119648915895,1.933107918579,-0.455820660354225
4,Normandie,0.12956015063544,1.57407047875977,1.94155298248665,-0.992049700444207
5,Normandie,0.0550723402188132,1.5900549833274,1.92441172299076,0.0424136492455861
6,Normandie,0.0639941052815483,1.83093880461631,1.8825134359717,0.57002022363636
7,Normandie,0.101475528104356,1.69653024963812,1.99178772743535,-0.734824746960836
8,Normandie,0.151395557979831,1.60215637014091,1.63222658054495,0.366141766364313
9,Normandie,0.0691319100439908,1.91817873138204,2.12939291739979,-2.45087328928491
10,Normandie,0.0586204464501477,1.56253897399308,2.06321854489762,-0.730214625092486
1,HDF,0.0273891053607563,1.20064067079961,1.19414044687227,-0.350807063501758
2,HDF,0.0385834167182144,1.18950442426167,1.35934059737352,-3.09924119634007
3,HDF,0.0130190301791353,1.10118027682912,1.34468863075577,-0.827608577720727
4,HDF,0.0142275366885484,1.1541175218318,1.39082812998746,-2.46899485419347
5,HDF,0.0382408807943738,1.27169944665362,1.3653087203288,-2.09956254911266
6,HDF,0.000338752653287124,1.11068048704814,1.41822543522893,-1.68337379226937
7,HDF,0.0182097774280579,1.07057263843611,1.36450811079302,-2.06834092575141
8,HDF,0.0166610885687818,1.07910305728858,1.41154253422076,-2.66094526033801
9,HDF,0.00999337467732959,1.2657189567785,1.41554340766584,-1.62840512369568
10,HDF,0.0396254131246168,1.03481442320329,1.28858344933976,-2.53935830798038
1,GrandEst,-0.000433023400183598,0.975102376222621,-0.267725215626881,1.57693246858901
2,GrandEst,0.0096496608414655,0.972867403586622,0.0617424129851565,1.44498350296222
3,GrandEst,-0.00208335437637244,1.02460204052572,-0.320031083325928,1.62613000953795
4,GrandEst,-0.0107405522358119,0.944739788151196,-0.73847332646347,1.6526031918912
5,GrandEst,-0.0090583853997024,0.962859904468346,-0.412717417239973,1.65082396539272
6,GrandEst,0.0328335983513773,0.975236682702641,-0.153738609572745,1.3825508676365
7,GrandEst,0.0106995273758854,0.965270671052011,-0.145278297642203,1.50880327682023
8,GrandEst,-0.00738615140352013,1.00931297846488,-0.146932974641365,1.57879687509828
9,GrandEst,0.000296040144734095,0.90885710317095,-0.498119941748431,1.59728476590241
10,GrandEst,-0.0075067565154757,1.08722525525395,-0.814565509264014,1.67878508284802
1,PaysLoire,0.0425821240430574,-3.33887229750852,1.48986673715591,-0.208366878116485
2,PaysLoire,-0.0345766388234943,-1.55117163535344,1.34311536971885,1.00121272351224
3,PaysLoire,-0.0354273090499385,-2.29193768587981,1.61076612844319,0.145759978371316
4,PaysLoire,-0.136955440970746,-2.10544351066263,1.80689578819758,1.10766117811015
5,PaysLoire,-0.114234344284295,-2.28315795822269,1.83338011495991,0.649228288340227
6,PaysLoire,-0.0486250452472441,-3.32938926353656,1.72013313113086,-0.265025145138661
7,PaysLoire,-0.0218742601885437,-2.87129160063869,1.74186074162488,-1.92029573298362
8,PaysLoire,-0.0702036214480228,-2.09708135929008,1.52988580916307,1.06759706703331
9,PaysLoire,-0.105743418969097,-2.17448391202192,0.957046956555472,1.70093770281394
10,PaysLoire,-0.0821270846574118,-2.16505870072865,1.89499565369941,-0.295330758125654
1,Bretagne,-0.0925091596038617,1.09780772047365,0.601965231431776,-0.765568279784484
2,Bretagne,-0.10763762158518,1.2087175723632,0.921563895011374,-2.92710670366846
3,Bretagne,-0.109371844492105,1.4014425417807,0.933458163776911,-1.26021340710126
4,Bretagne,-0.0924913370677226,1.19872119695331,0.827345045936249,-2.16507616791578
5,Bretagne,-0.11176251987274,1.35747403258856,0.841034330589576,-1.50597328962104
6,Bretagne,-0.0376839682520767,1.29178083450718,0.673138076062653,-3.12756382050545
7,Bretagne,-0.0503170411657842,1.18105961629731,0.591404140968886,-1.53934646086364
8,Bretagne,-0.0619269373807105,1.30736988788827,0.510883956484793,-0.800595907974039
9,Bretagne,-0.051133887733784,1.46025194164567,0.686456317856129,-1.83143727013412
10,Bretagne,-0.0590491368939766,1.03796501805177,0.609871411006906,-1.16743912425805
1,Occitanie,0.0604700764337952,-0.394902809263865,-0.392650859461081,0.614176944321209
2,Occitanie,0.090910342838365,-1.15921160953177,-0.0360315593215495,0.21190696815269
3,Occitanie,0.0746475774012264,-0.684780677637541,-0.468979170994135,0.557885808682028
4,Occitanie,0.0803657996996697,-0.349445999176198,-0.508482985928637,0.539121719383628
5,Occitanie,0.088767712688696,-0.282091261364385,-0.420144991130963,0.514257124120145
6,Occitanie,0.0628129492454737,-0.299529593464622,0.423866965954425,-0.100593104966599
7,Occitanie,0.0651184295258492,-0.762796335963613,-1.03601034731728,0.801469640366127
8,Occitanie,0.104900134549078,-0.746186483568486,-0.0281883143529984,0.120971761226561
9,Occitanie,0.0977814681292924,-0.660845476262327,-0.666846239111761,0.417270578258813
10,Occitanie,0.0658336431322097,-0.600162736105003,-0.367504019980541,0.614265465530618
1,PACA,0.0724006016224828,-0.100479987146838,-1.21618829867286,0.902645035375714
2,PACA,0.0979980081096312,-0.530147215339142,-1.42113907578672,0.772108187429545
3,PACA,0.0736038729382965,-0.282715736533368,-1.28472296703282,0.897271648312821
4,PACA,0.091548812658381,-0.41240669791477,-1.05834310439846,0.746341700222083
5,PACA,0.0675459002052243,-0.266484740465669,-1.78943760861288,0.942265702733336
6,PACA,0.077497704345145,-0.373753318166588,-0.818123364314848,0.817129204255473
7,PACA,0.0602142073266584,-0.359823173517813,-0.620016154949051,0.817147935021032
8,PACA,0.0767760218923789,-0.399852243991681,-0.634660125263205,0.72721046795871
9,PACA,0.084652025128812,-0.258755585676846,-2.17690019608863,0.908146179517009
10,PACA,0.065862568729865,-0.625793184392193,-1.43614121104253,0.917156958242701
1,Corse,-0.720219695203139,-2.30336919084811,0.215361798615014,-1.40050948331641
2,Corse,-0.741285211787971,-3.5209893715446,0.22358139138451,-1.10946180361441
3,Corse,-1.01320792346227,-3.07087841599429,0.412852884381142,-1.00297479818745
4,Corse,-0.875145877381024,-4.23023182646104,0.142721825794958,-0.399768346302452
5,Corse,-0.797394362408286,-2.69324124831071,0.188372704791158,-0.825851953492967
6,Corse,-0.901873831094168,-3.87529369414365,0.309090482469111,-0.3736482223556
7,Corse,-0.771453338278218,-2.67914518065092,-0.00535227760155002,-0.253133319548073
8,Corse,-0.711183254433655,-4.59966004701426,-0.0399937020046685,-0.343713786540336
9,Corse,-0.789202409128442,-3.11087037549031,0.0338658430948313,-0.0284374045639366
10,Corse,-0.900322761601824,-3.90746541495773,0.143763486886561,-0.0805886158646005
