id	nameid	date	obs	popsize	epidemicsStart	day	lockdown	timeSinceConf	timeSinceDeConf	rsent	initH	initIref	timelock	obs_id
REG-11	IDF	2020-03-02	25	12278210	2020-03-02	0	0	0	0	0.043101077	5	29	15	1
REG-11	IDF	2020-03-03	3	12278210	2020-03-02	1	0	0	0	0.043101077	5	29	15	1
REG-11	IDF	2020-03-04	18	12278210	2020-03-02	2	0	0	0	0.043101077	5	29	15	1
REG-11	IDF	2020-03-05	21	12278210	2020-03-02	3	0	0	0	0.043101077	5	29	15	1
REG-11	IDF	2020-03-06	13	12278210	2020-03-02	4	0	0	0	0.043101077	5	29	15	1
REG-11	IDF	2020-03-07	15	12278210	2020-03-02	5	0	0	0	0.043101077	5	29	15	1
REG-11	IDF	2020-03-08	0	12278210	2020-03-02	6	0	0	0	0.043101077	5	29	15	1
REG-11	IDF	2020-03-09	0	12278210	2020-03-02	7	0	0	0	0.043101077	5	29	15	1
REG-11	IDF	2020-03-10	230	12278210	2020-03-02	8	0	0	0	0.043101077	5	29	15	1
REG-11	IDF	2020-03-11	158	12278210	2020-03-02	9	0	0	0	0.043101077	5	29	15	1
REG-11	IDF	2020-03-12	85	12278210	2020-03-02	10	0	0	0	0.043101077	5	29	15	1
REG-11	IDF	2020-03-13	144	12278210	2020-03-02	11	0	0	0	0.043101077	5	29	15	1
REG-11	IDF	2020-03-14	228	12278210	2020-03-02	12	0	0	0	0.043101077	5	29	15	1
REG-11	IDF	2020-03-15	260	12278210	2020-03-02	13	0	0	0	0.043101077	5	29	15	1
REG-11	IDF	2020-03-16	553	12278210	2020-03-02	14	0	0	0	0.043101077	5	29	15	1
REG-11	IDF	2020-03-17	415	12278210	2020-03-02	15	1	1	0	0.043101077	5	29	15	1
REG-11	IDF	2020-03-18	516	12278210	2020-03-02	16	1	2	0	0.043101077	5	29	15	1
REG-11	IDF	2020-03-19	691	12278210	2020-03-02	17	1	3	0	0.043101077	5	29	15	1
REG-11	IDF	2020-03-20	434	12278210	2020-03-02	18	1	4	0	0.043101077	5	29	15	1
REG-11	IDF	2020-03-21	877	12278210	2020-03-02	19	1	5	0	0.043101077	5	29	15	1
REG-11	IDF	2020-03-22	588	12278210	2020-03-02	20	1	6	0	0.043101077	5	29	15	1
REG-11	IDF	2020-03-23	928	12278210	2020-03-02	21	1	7	0	0.043101077	5	29	15	1
REG-11	IDF	2020-03-24	587	12278210	2020-03-02	22	1	8	0	0.043101077	5	29	15	1
REG-11	IDF	2020-03-02	30	12278210	2020-03-02	0	0	0	0	0.043101077	5	29	15	2
REG-11	IDF	2020-03-03	31	12278210	2020-03-02	1	0	0	0	0.043101077	5	29	15	2
REG-11	IDF	2020-03-04	33	12278210	2020-03-02	2	0	0	0	0.043101077	5	29	15	2
REG-11	IDF	2020-03-05	23	12278210	2020-03-02	3	0	0	0	0.043101077	5	29	15	2
REG-11	IDF	2020-03-06	47	12278210	2020-03-02	4	0	0	0	0.043101077	5	29	15	2
REG-11	IDF	2020-03-07	15	12278210	2020-03-02	5	0	0	0	0.043101077	5	29	15	2
REG-11	IDF	2020-03-08	21	12278210	2020-03-02	6	0	0	0	0.043101077	5	29	15	2
REG-11	IDF	2020-03-09	71	12278210	2020-03-02	7	0	0	0	0.043101077	5	29	15	2
REG-11	IDF	2020-03-10	70	12278210	2020-03-02	8	0	0	0	0.043101077	5	29	15	2
REG-11	IDF	2020-03-11	86	12278210	2020-03-02	9	0	0	0	0.043101077	5	29	15	2
REG-11	IDF	2020-03-12	116	12278210	2020-03-02	10	0	0	0	0.043101077	5	29	15	2
REG-11	IDF	2020-03-13	132	12278210	2020-03-02	11	0	0	0	0.043101077	5	29	15	2
REG-11	IDF	2020-03-14	301	12278210	2020-03-02	12	0	0	0	0.043101077	5	29	15	2
REG-11	IDF	2020-03-15	249	12278210	2020-03-02	13	0	0	0	0.043101077	5	29	15	2
REG-11	IDF	2020-03-16	305	12278210	2020-03-02	14	0	0	0	0.043101077	5	29	15	2
REG-11	IDF	2020-03-17	455	12278210	2020-03-02	15	1	1	0	0.043101077	5	29	15	2
REG-11	IDF	2020-03-18	534	12278210	2020-03-02	16	1	2	0	0.043101077	5	29	15	2
REG-11	IDF	2020-03-19	610	12278210	2020-03-02	17	1	3	0	0.043101077	5	29	15	2
REG-11	IDF	2020-03-20	815	12278210	2020-03-02	18	1	4	0	0.043101077	5	29	15	2
REG-11	IDF	2020-03-21	656	12278210	2020-03-02	19	1	5	0	0.043101077	5	29	15	2
REG-11	IDF	2020-03-22	721	12278210	2020-03-02	20	1	6	0	0.043101077	5	29	15	2
REG-11	IDF	2020-03-23	1057	12278210	2020-03-02	21	1	7	0	0.043101077	5	29	15	2
REG-11	IDF	2020-03-24	1114	12278210	2020-03-02	22	1	8	0	0.043101077	5	29	15	2
REG-11	IDF	2020-03-25	1247	12278210	2020-03-02	23	1	9	0	0.043101077	5	29	15	2
REG-11	IDF	2020-03-26	1290	12278210	2020-03-02	24	1	10	0	0.043101077	5	29	15	2
REG-11	IDF	2020-03-27	1498	12278210	2020-03-02	25	1	11	0	0.043101077	5	29	15	2
REG-11	IDF	2020-03-28	1122	12278210	2020-03-02	26	1	12	0	0.043101077	5	29	15	2
REG-11	IDF	2020-03-29	1018	12278210	2020-03-02	27	1	13	0	0.043101077	5	29	15	2
REG-11	IDF	2020-03-30	1354	12278210	2020-03-02	28	1	14	0	0.043101077	5	29	15	2
REG-11	IDF	2020-03-31	1386	12278210	2020-03-02	29	1	15	0	0.043101077	5	29	15	2
REG-11	IDF	2020-04-01	1457	12278210	2020-03-02	30	1	16	0	0.043101077	5	29	15	2
REG-11	IDF	2020-04-02	1235	12278210	2020-03-02	31	1	17	0	0.043101077	5	29	15	2
REG-11	IDF	2020-04-03	1245	12278210	2020-03-02	32	1	18	0	0.043101077	5	29	15	2
REG-11	IDF	2020-04-04	897	12278210	2020-03-02	33	1	19	0	0.043101077	5	29	15	2
REG-11	IDF	2020-04-05	598	12278210	2020-03-02	34	1	20	0	0.043101077	5	29	15	2
REG-11	IDF	2020-04-06	1064	12278210	2020-03-02	35	1	21	0	0.043101077	5	29	15	2
REG-11	IDF	2020-04-07	1025	12278210	2020-03-02	36	1	22	0	0.043101077	5	29	15	2
REG-11	IDF	2020-04-08	929	12278210	2020-03-02	37	1	23	0	0.043101077	5	29	15	2
REG-11	IDF	2020-04-09	930	12278210	2020-03-02	38	1	24	0	0.043101077	5	29	15	2
REG-11	IDF	2020-04-10	891	12278210	2020-03-02	39	1	25	0	0.043101077	5	29	15	2
REG-11	IDF	2020-04-11	646	12278210	2020-03-02	40	1	26	0	0.043101077	5	29	15	2
REG-11	IDF	2020-04-12	478	12278210	2020-03-02	41	1	27	0	0.043101077	5	29	15	2
REG-11	IDF	2020-04-13	473	12278210	2020-03-02	42	1	28	0	0.043101077	5	29	15	2
REG-11	IDF	2020-04-14	658	12278210	2020-03-02	43	1	29	0	0.043101077	5	29	15	2
REG-11	IDF	2020-04-15	579	12278210	2020-03-02	44	1	30	0	0.043101077	5	29	15	2
REG-11	IDF	2020-04-16	654	12278210	2020-03-02	45	1	31	0	0.043101077	5	29	15	2
REG-11	IDF	2020-04-17	611	12278210	2020-03-02	46	1	32	0	0.043101077	5	29	15	2
REG-11	IDF	2020-04-18	343	12278210	2020-03-02	47	1	33	0	0.043101077	5	29	15	2
REG-11	IDF	2020-04-19	262	12278210	2020-03-02	48	1	34	0	0.043101077	5	29	15	2
REG-11	IDF	2020-04-20	430	12278210	2020-03-02	49	1	35	0	0.043101077	5	29	15	2
REG-11	IDF	2020-04-21	470	12278210	2020-03-02	50	1	36	0	0.043101077	5	29	15	2
REG-11	IDF	2020-04-22	361	12278210	2020-03-02	51	1	37	0	0.043101077	5	29	15	2
REG-11	IDF	2020-04-23	409	12278210	2020-03-02	52	1	38	0	0.043101077	5	29	15	2
REG-11	IDF	2020-04-24	375	12278210	2020-03-02	53	1	39	0	0.043101077	5	29	15	2
REG-11	IDF	2020-04-25	182	12278210	2020-03-02	54	1	40	0	0.043101077	5	29	15	2
REG-11	IDF	2020-04-26	144	12278210	2020-03-02	55	1	41	0	0.043101077	5	29	15	2
REG-11	IDF	2020-04-27	299	12278210	2020-03-02	56	1	42	0	0.043101077	5	29	15	2
REG-11	IDF	2020-04-28	282	12278210	2020-03-02	57	1	43	0	0.043101077	5	29	15	2
REG-11	IDF	2020-04-29	258	12278210	2020-03-02	58	1	44	0	0.043101077	5	29	15	2
REG-11	IDF	2020-04-30	243	12278210	2020-03-02	59	1	45	0	0.043101077	5	29	15	2
REG-11	IDF	2020-05-01	141	12278210	2020-03-02	60	1	46	0	0.043101077	5	29	15	2
REG-11	IDF	2020-05-02	134	12278210	2020-03-02	61	1	47	0	0.043101077	5	29	15	2
REG-11	IDF	2020-05-03	102	12278210	2020-03-02	62	1	48	0	0.043101077	5	29	15	2
REG-11	IDF	2020-05-04	197	12278210	2020-03-02	63	1	49	0	0.043101077	5	29	15	2
REG-11	IDF	2020-05-05	216	12278210	2020-03-02	64	1	50	0	0.043101077	5	29	15	2
REG-11	IDF	2020-05-06	190	12278210	2020-03-02	65	1	51	0	0.043101077	5	29	15	2
REG-11	IDF	2020-05-07	158	12278210	2020-03-02	66	1	52	0	0.043101077	5	29	15	2
REG-11	IDF	2020-05-08	96	12278210	2020-03-02	67	1	53	0	0.043101077	5	29	15	2
REG-11	IDF	2020-05-09	105	12278210	2020-03-02	68	1	54	0	0.043101077	5	29	15	2
REG-11	IDF	2020-05-10	73	12278210	2020-03-02	69	1	55	0	0.043101077	5	29	15	2
REG-11	IDF	2020-05-11	120	12278210	2020-03-02	70	0	56	1	0.043101077	5	29	15	2
REG-24	Centre	2020-03-05	2	2559073	2020-03-05	0	0	0	0	0.028274001	6	4	12	1
REG-24	Centre	2020-03-06	9	2559073	2020-03-05	1	0	0	0	0.028274001	6	4	12	1
REG-24	Centre	2020-03-07	5	2559073	2020-03-05	2	0	0	0	0.028274001	6	4	12	1
REG-24	Centre	2020-03-08	0	2559073	2020-03-05	3	0	0	0	0.028274001	6	4	12	1
REG-24	Centre	2020-03-09	0	2559073	2020-03-05	4	0	0	0	0.028274001	6	4	12	1
REG-24	Centre	2020-03-10	2	2559073	2020-03-05	5	0	0	0	0.028274001	6	4	12	1
REG-24	Centre	2020-03-11	2	2559073	2020-03-05	6	0	0	0	0.028274001	6	4	12	1
REG-24	Centre	2020-03-12	10	2559073	2020-03-05	7	0	0	0	0.028274001	6	4	12	1
REG-24	Centre	2020-03-13	3	2559073	2020-03-05	8	0	0	0	0.028274001	6	4	12	1
REG-24	Centre	2020-03-14	21	2559073	2020-03-05	9	0	0	0	0.028274001	6	4	12	1
REG-24	Centre	2020-03-15	17	2559073	2020-03-05	10	0	0	0	0.028274001	6	4	12	1
REG-24	Centre	2020-03-16	19	2559073	2020-03-05	11	0	0	0	0.028274001	6	4	12	1
REG-24	Centre	2020-03-17	13	2559073	2020-03-05	12	1	1	0	0.028274001	6	4	12	1
REG-24	Centre	2020-03-18	25	2559073	2020-03-05	13	1	2	0	0.028274001	6	4	12	1
REG-24	Centre	2020-03-19	29	2559073	2020-03-05	14	1	3	0	0.028274001	6	4	12	1
REG-24	Centre	2020-03-20	62	2559073	2020-03-05	15	1	4	0	0.028274001	6	4	12	1
REG-24	Centre	2020-03-21	35	2559073	2020-03-05	16	1	5	0	0.028274001	6	4	12	1
REG-24	Centre	2020-03-22	37	2559073	2020-03-05	17	1	6	0	0.028274001	6	4	12	1
REG-24	Centre	2020-03-23	70	2559073	2020-03-05	18	1	7	0	0.028274001	6	4	12	1
REG-24	Centre	2020-03-24	89	2559073	2020-03-05	19	1	8	0	0.028274001	6	4	12	1
REG-24	Centre	2020-03-05	0	2559073	2020-03-05	0	0	0	0	0.028274001	6	4	12	2
REG-24	Centre	2020-03-06	2	2559073	2020-03-05	1	0	0	0	0.028274001	6	4	12	2
REG-24	Centre	2020-03-07	1	2559073	2020-03-05	2	0	0	0	0.028274001	6	4	12	2
REG-24	Centre	2020-03-08	1	2559073	2020-03-05	3	0	0	0	0.028274001	6	4	12	2
REG-24	Centre	2020-03-09	3	2559073	2020-03-05	4	0	0	0	0.028274001	6	4	12	2
REG-24	Centre	2020-03-10	5	2559073	2020-03-05	5	0	0	0	0.028274001	6	4	12	2
REG-24	Centre	2020-03-11	6	2559073	2020-03-05	6	0	0	0	0.028274001	6	4	12	2
REG-24	Centre	2020-03-12	9	2559073	2020-03-05	7	0	0	0	0.028274001	6	4	12	2
REG-24	Centre	2020-03-13	10	2559073	2020-03-05	8	0	0	0	0.028274001	6	4	12	2
REG-24	Centre	2020-03-14	7	2559073	2020-03-05	9	0	0	0	0.028274001	6	4	12	2
REG-24	Centre	2020-03-15	2	2559073	2020-03-05	10	0	0	0	0.028274001	6	4	12	2
REG-24	Centre	2020-03-16	10	2559073	2020-03-05	11	0	0	0	0.028274001	6	4	12	2
REG-24	Centre	2020-03-17	21	2559073	2020-03-05	12	1	1	0	0.028274001	6	4	12	2
REG-24	Centre	2020-03-18	24	2559073	2020-03-05	13	1	2	0	0.028274001	6	4	12	2
REG-24	Centre	2020-03-19	32	2559073	2020-03-05	14	1	3	0	0.028274001	6	4	12	2
REG-24	Centre	2020-03-20	27	2559073	2020-03-05	15	1	4	0	0.028274001	6	4	12	2
REG-24	Centre	2020-03-21	32	2559073	2020-03-05	16	1	5	0	0.028274001	6	4	12	2
REG-24	Centre	2020-03-22	34	2559073	2020-03-05	17	1	6	0	0.028274001	6	4	12	2
REG-24	Centre	2020-03-23	43	2559073	2020-03-05	18	1	7	0	0.028274001	6	4	12	2
REG-24	Centre	2020-03-24	63	2559073	2020-03-05	19	1	8	0	0.028274001	6	4	12	2
REG-24	Centre	2020-03-25	64	2559073	2020-03-05	20	1	9	0	0.028274001	6	4	12	2
REG-24	Centre	2020-03-26	78	2559073	2020-03-05	21	1	10	0	0.028274001	6	4	12	2
REG-24	Centre	2020-03-27	114	2559073	2020-03-05	22	1	11	0	0.028274001	6	4	12	2
REG-24	Centre	2020-03-28	77	2559073	2020-03-05	23	1	12	0	0.028274001	6	4	12	2
REG-24	Centre	2020-03-29	60	2559073	2020-03-05	24	1	13	0	0.028274001	6	4	12	2
REG-24	Centre	2020-03-30	93	2559073	2020-03-05	25	1	14	0	0.028274001	6	4	12	2
REG-24	Centre	2020-03-31	109	2559073	2020-03-05	26	1	15	0	0.028274001	6	4	12	2
REG-24	Centre	2020-04-01	96	2559073	2020-03-05	27	1	16	0	0.028274001	6	4	12	2
REG-24	Centre	2020-04-02	110	2559073	2020-03-05	28	1	17	0	0.028274001	6	4	12	2
REG-24	Centre	2020-04-03	107	2559073	2020-03-05	29	1	18	0	0.028274001	6	4	12	2
REG-24	Centre	2020-04-04	80	2559073	2020-03-05	30	1	19	0	0.028274001	6	4	12	2
REG-24	Centre	2020-04-05	37	2559073	2020-03-05	31	1	20	0	0.028274001	6	4	12	2
REG-24	Centre	2020-04-06	76	2559073	2020-03-05	32	1	21	0	0.028274001	6	4	12	2
REG-24	Centre	2020-04-07	79	2559073	2020-03-05	33	1	22	0	0.028274001	6	4	12	2
REG-24	Centre	2020-04-08	86	2559073	2020-03-05	34	1	23	0	0.028274001	6	4	12	2
REG-24	Centre	2020-04-09	77	2559073	2020-03-05	35	1	24	0	0.028274001	6	4	12	2
REG-24	Centre	2020-04-10	89	2559073	2020-03-05	36	1	25	0	0.028274001	6	4	12	2
REG-24	Centre	2020-04-11	80	2559073	2020-03-05	37	1	26	0	0.028274001	6	4	12	2
REG-24	Centre	2020-04-12	45	2559073	2020-03-05	38	1	27	0	0.028274001	6	4	12	2
REG-24	Centre	2020-04-13	34	2559073	2020-03-05	39	1	28	0	0.028274001	6	4	12	2
REG-24	Centre	2020-04-14	82	2559073	2020-03-05	40	1	29	0	0.028274001	6	4	12	2
REG-24	Centre	2020-04-15	57	2559073	2020-03-05	41	1	30	0	0.028274001	6	4	12	2
REG-24	Centre	2020-04-16	49	2559073	2020-03-05	42	1	31	0	0.028274001	6	4	12	2
REG-24	Centre	2020-04-17	40	2559073	2020-03-05	43	1	32	0	0.028274001	6	4	12	2
REG-24	Centre	2020-04-18	33	2559073	2020-03-05	44	1	33	0	0.028274001	6	4	12	2
REG-24	Centre	2020-04-19	28	2559073	2020-03-05	45	1	34	0	0.028274001	6	4	12	2
REG-24	Centre	2020-04-20	41	2559073	2020-03-05	46	1	35	0	0.028274001	6	4	12	2
REG-24	Centre	2020-04-21	54	2559073	2020-03-05	47	1	36	0	0.028274001	6	4	12	2
REG-24	Centre	2020-04-22	32	2559073	2020-03-05	48	1	37	0	0.028274001	6	4	12	2
REG-24	Centre	2020-04-23	37	2559073	2020-03-05	49	1	38	0	0.028274001	6	4	12	2
REG-24	Centre	2020-04-24	39	2559073	2020-03-05	50	1	39	0	0.028274001	6	4	12	2
REG-24	Centre	2020-04-25	30	2559073	2020-03-05	51	1	40	0	0.028274001	6	4	12	2
REG-24	Centre	2020-04-26	29	2559073	2020-03-05	52	1	41	0	0.028274001	6	4	12	2
REG-24	Centre	2020-04-27	35	2559073	2020-03-05	53	1	42	0	0.028274001	6	4	12	2
REG-24	Centre	2020-04-28	40	2559073	2020-03-05	54	1	43	0	0.028274001	6	4	12	2
REG-24	Centre	2020-04-29	28	2559073	2020-03-05	55	1	44	0	0.028274001	6	4	12	2
REG-24	Centre	2020-04-30	33	2559073	2020-03-05	56	1	45	0	0.028274001	6	4	12	2
REG-24	Centre	2020-05-01	20	2559073	2020-03-05	57	1	46	0	0.028274001	6	4	12	2
REG-24	Centre	2020-05-02	20	2559073	2020-03-05	58	1	47	0	0.028274001	6	4	12	2
REG-24	Centre	2020-05-03	11	2559073	2020-03-05	59	1	48	0	0.028274001	6	4	12	2
REG-24	Centre	2020-05-04	22	2559073	2020-03-05	60	1	49	0	0.028274001	6	4	12	2
REG-24	Centre	2020-05-05	21	2559073	2020-03-05	61	1	50	0	0.028274001	6	4	12	2
REG-24	Centre	2020-05-06	9	2559073	2020-03-05	62	1	51	0	0.028274001	6	4	12	2
REG-24	Centre	2020-05-07	21	2559073	2020-03-05	63	1	52	0	0.028274001	6	4	12	2
REG-24	Centre	2020-05-08	9	2559073	2020-03-05	64	1	53	0	0.028274001	6	4	12	2
REG-24	Centre	2020-05-09	14	2559073	2020-03-05	65	1	54	0	0.028274001	6	4	12	2
REG-24	Centre	2020-05-10	7	2559073	2020-03-05	66	1	55	0	0.028274001	6	4	12	2
REG-24	Centre	2020-05-11	13	2559073	2020-03-05	67	0	56	1	0.028274001	6	4	12	2
REG-27	BFC	2020-03-02	4	2783039	2020-03-02	0	0	0	0	0.070075931	3	9	15	1
REG-27	BFC	2020-03-03	5	2783039	2020-03-02	1	0	0	0	0.070075931	3	9	15	1
REG-27	BFC	2020-03-04	3	2783039	2020-03-02	2	0	0	0	0.070075931	3	9	15	1
REG-27	BFC	2020-03-05	23	2783039	2020-03-02	3	0	0	0	0.070075931	3	9	15	1
REG-27	BFC	2020-03-06	39	2783039	2020-03-02	4	0	0	0	0.070075931	3	9	15	1
REG-27	BFC	2020-03-07	51	2783039	2020-03-02	5	0	0	0	0.070075931	3	9	15	1
REG-27	BFC	2020-03-08	0	2783039	2020-03-02	6	0	0	0	0.070075931	3	9	15	1
REG-27	BFC	2020-03-09	0	2783039	2020-03-02	7	0	0	0	0.070075931	3	9	15	1
REG-27	BFC	2020-03-10	17	2783039	2020-03-02	8	0	0	0	0.070075931	3	9	15	1
REG-27	BFC	2020-03-11	9	2783039	2020-03-02	9	0	0	0	0.070075931	3	9	15	1
REG-27	BFC	2020-03-12	64	2783039	2020-03-02	10	0	0	0	0.070075931	3	9	15	1
REG-27	BFC	2020-03-13	53	2783039	2020-03-02	11	0	0	0	0.070075931	3	9	15	1
REG-27	BFC	2020-03-14	67	2783039	2020-03-02	12	0	0	0	0.070075931	3	9	15	1
REG-27	BFC	2020-03-15	73	2783039	2020-03-02	13	0	0	0	0.070075931	3	9	15	1
REG-27	BFC	2020-03-16	95	2783039	2020-03-02	14	0	0	0	0.070075931	3	9	15	1
REG-27	BFC	2020-03-17	42	2783039	2020-03-02	15	1	1	0	0.070075931	3	9	15	1
REG-27	BFC	2020-03-18	44	2783039	2020-03-02	16	1	2	0	0.070075931	3	9	15	1
REG-27	BFC	2020-03-19	103	2783039	2020-03-02	17	1	3	0	0.070075931	3	9	15	1
REG-27	BFC	2020-03-20	74	2783039	2020-03-02	18	1	4	0	0.070075931	3	9	15	1
REG-27	BFC	2020-03-21	133	2783039	2020-03-02	19	1	5	0	0.070075931	3	9	15	1
REG-27	BFC	2020-03-22	275	2783039	2020-03-02	20	1	6	0	0.070075931	3	9	15	1
REG-27	BFC	2020-03-23	169	2783039	2020-03-02	21	1	7	0	0.070075931	3	9	15	1
REG-27	BFC	2020-03-24	163	2783039	2020-03-02	22	1	8	0	0.070075931	3	9	15	1
REG-27	BFC	2020-03-02	6	2783039	2020-03-02	0	0	0	0	0.070075931	3	9	15	2
REG-27	BFC	2020-03-03	4	2783039	2020-03-02	1	0	0	0	0.070075931	3	9	15	2
REG-27	BFC	2020-03-04	5	2783039	2020-03-02	2	0	0	0	0.070075931	3	9	15	2
REG-27	BFC	2020-03-05	11	2783039	2020-03-02	3	0	0	0	0.070075931	3	9	15	2
REG-27	BFC	2020-03-06	10	2783039	2020-03-02	4	0	0	0	0.070075931	3	9	15	2
REG-27	BFC	2020-03-07	4	2783039	2020-03-02	5	0	0	0	0.070075931	3	9	15	2
REG-27	BFC	2020-03-08	5	2783039	2020-03-02	6	0	0	0	0.070075931	3	9	15	2
REG-27	BFC	2020-03-09	16	2783039	2020-03-02	7	0	0	0	0.070075931	3	9	15	2
REG-27	BFC	2020-03-10	23	2783039	2020-03-02	8	0	0	0	0.070075931	3	9	15	2
REG-27	BFC	2020-03-11	15	2783039	2020-03-02	9	0	0	0	0.070075931	3	9	15	2
REG-27	BFC	2020-03-12	20	2783039	2020-03-02	10	0	0	0	0.070075931	3	9	15	2
REG-27	BFC	2020-03-13	26	2783039	2020-03-02	11	0	0	0	0.070075931	3	9	15	2
REG-27	BFC	2020-03-14	15	2783039	2020-03-02	12	0	0	0	0.070075931	3	9	15	2
REG-27	BFC	2020-03-15	22	2783039	2020-03-02	13	0	0	0	0.070075931	3	9	15	2
REG-27	BFC	2020-03-16	102	2783039	2020-03-02	14	0	0	0	0.070075931	3	9	15	2
REG-27	BFC	2020-03-17	56	2783039	2020-03-02	15	1	1	0	0.070075931	3	9	15	2
REG-27	BFC	2020-03-18	80	2783039	2020-03-02	16	1	2	0	0.070075931	3	9	15	2
REG-27	BFC	2020-03-19	72	2783039	2020-03-02	17	1	3	0	0.070075931	3	9	15	2
REG-27	BFC	2020-03-20	99	2783039	2020-03-02	18	1	4	0	0.070075931	3	9	15	2
REG-27	BFC	2020-03-21	112	2783039	2020-03-02	19	1	5	0	0.070075931	3	9	15	2
REG-27	BFC	2020-03-22	78	2783039	2020-03-02	20	1	6	0	0.070075931	3	9	15	2
REG-27	BFC	2020-03-23	160	2783039	2020-03-02	21	1	7	0	0.070075931	3	9	15	2
REG-27	BFC	2020-03-24	132	2783039	2020-03-02	22	1	8	0	0.070075931	3	9	15	2
REG-27	BFC	2020-03-25	159	2783039	2020-03-02	23	1	9	0	0.070075931	3	9	15	2
REG-27	BFC	2020-03-26	150	2783039	2020-03-02	24	1	10	0	0.070075931	3	9	15	2
REG-27	BFC	2020-03-27	181	2783039	2020-03-02	25	1	11	0	0.070075931	3	9	15	2
REG-27	BFC	2020-03-28	155	2783039	2020-03-02	26	1	12	0	0.070075931	3	9	15	2
REG-27	BFC	2020-03-29	123	2783039	2020-03-02	27	1	13	0	0.070075931	3	9	15	2
REG-27	BFC	2020-03-30	146	2783039	2020-03-02	28	1	14	0	0.070075931	3	9	15	2
REG-27	BFC	2020-03-31	149	2783039	2020-03-02	29	1	15	0	0.070075931	3	9	15	2
REG-27	BFC	2020-04-01	126	2783039	2020-03-02	30	1	16	0	0.070075931	3	9	15	2
REG-27	BFC	2020-04-02	116	2783039	2020-03-02	31	1	17	0	0.070075931	3	9	15	2
REG-27	BFC	2020-04-03	148	2783039	2020-03-02	32	1	18	0	0.070075931	3	9	15	2
REG-27	BFC	2020-04-04	88	2783039	2020-03-02	33	1	19	0	0.070075931	3	9	15	2
REG-27	BFC	2020-04-05	71	2783039	2020-03-02	34	1	20	0	0.070075931	3	9	15	2
REG-27	BFC	2020-04-06	117	2783039	2020-03-02	35	1	21	0	0.070075931	3	9	15	2
REG-27	BFC	2020-04-07	98	2783039	2020-03-02	36	1	22	0	0.070075931	3	9	15	2
REG-27	BFC	2020-04-08	100	2783039	2020-03-02	37	1	23	0	0.070075931	3	9	15	2
REG-27	BFC	2020-04-09	106	2783039	2020-03-02	38	1	24	0	0.070075931	3	9	15	2
REG-27	BFC	2020-04-10	114	2783039	2020-03-02	39	1	25	0	0.070075931	3	9	15	2
REG-27	BFC	2020-04-11	73	2783039	2020-03-02	40	1	26	0	0.070075931	3	9	15	2
REG-27	BFC	2020-04-12	58	2783039	2020-03-02	41	1	27	0	0.070075931	3	9	15	2
REG-27	BFC	2020-04-13	70	2783039	2020-03-02	42	1	28	0	0.070075931	3	9	15	2
REG-27	BFC	2020-04-14	81	2783039	2020-03-02	43	1	29	0	0.070075931	3	9	15	2
REG-27	BFC	2020-04-15	85	2783039	2020-03-02	44	1	30	0	0.070075931	3	9	15	2
REG-27	BFC	2020-04-16	109	2783039	2020-03-02	45	1	31	0	0.070075931	3	9	15	2
REG-27	BFC	2020-04-17	75	2783039	2020-03-02	46	1	32	0	0.070075931	3	9	15	2
REG-27	BFC	2020-04-18	40	2783039	2020-03-02	47	1	33	0	0.070075931	3	9	15	2
REG-27	BFC	2020-04-19	30	2783039	2020-03-02	48	1	34	0	0.070075931	3	9	15	2
REG-27	BFC	2020-04-20	63	2783039	2020-03-02	49	1	35	0	0.070075931	3	9	15	2
REG-27	BFC	2020-04-21	50	2783039	2020-03-02	50	1	36	0	0.070075931	3	9	15	2
REG-27	BFC	2020-04-22	52	2783039	2020-03-02	51	1	37	0	0.070075931	3	9	15	2
REG-27	BFC	2020-04-23	57	2783039	2020-03-02	52	1	38	0	0.070075931	3	9	15	2
REG-27	BFC	2020-04-24	59	2783039	2020-03-02	53	1	39	0	0.070075931	3	9	15	2
REG-27	BFC	2020-04-25	29	2783039	2020-03-02	54	1	40	0	0.070075931	3	9	15	2
REG-27	BFC	2020-04-26	5	2783039	2020-03-02	55	1	41	0	0.070075931	3	9	15	2
REG-27	BFC	2020-04-27	39	2783039	2020-03-02	56	1	42	0	0.070075931	3	9	15	2
REG-27	BFC	2020-04-28	38	2783039	2020-03-02	57	1	43	0	0.070075931	3	9	15	2
REG-27	BFC	2020-04-29	37	2783039	2020-03-02	58	1	44	0	0.070075931	3	9	15	2
REG-27	BFC	2020-04-30	44	2783039	2020-03-02	59	1	45	0	0.070075931	3	9	15	2
REG-27	BFC	2020-05-01	20	2783039	2020-03-02	60	1	46	0	0.070075931	3	9	15	2
REG-27	BFC	2020-05-02	14	2783039	2020-03-02	61	1	47	0	0.070075931	3	9	15	2
REG-27	BFC	2020-05-03	13	2783039	2020-03-02	62	1	48	0	0.070075931	3	9	15	2
REG-27	BFC	2020-05-04	23	2783039	2020-03-02	63	1	49	0	0.070075931	3	9	15	2
REG-27	BFC	2020-05-05	26	2783039	2020-03-02	64	1	50	0	0.070075931	3	9	15	2
REG-27	BFC	2020-05-06	38	2783039	2020-03-02	65	1	51	0	0.070075931	3	9	15	2
REG-27	BFC	2020-05-07	22	2783039	2020-03-02	66	1	52	0	0.070075931	3	9	15	2
REG-27	BFC	2020-05-08	12	2783039	2020-03-02	67	1	53	0	0.070075931	3	9	15	2
REG-27	BFC	2020-05-09	19	2783039	2020-03-02	68	1	54	0	0.070075931	3	9	15	2
REG-27	BFC	2020-05-10	9	2783039	2020-03-02	69	1	55	0	0.070075931	3	9	15	2
REG-27	BFC	2020-05-11	10	2783039	2020-03-02	70	0	56	1	0.070075931	3	9	15	2
REG-28	Normandie	2020-03-10	26	3303500	2020-03-10	0	0	0	0	0.020382084	9	9	7	1
REG-28	Normandie	2020-03-11	17	3303500	2020-03-10	1	0	0	0	0.020382084	9	9	7	1
REG-28	Normandie	2020-03-12	14	3303500	2020-03-10	2	0	0	0	0.020382084	9	9	7	1
REG-28	Normandie	2020-03-13	29	3303500	2020-03-10	3	0	0	0	0.020382084	9	9	7	1
REG-28	Normandie	2020-03-14	30	3303500	2020-03-10	4	0	0	0	0.020382084	9	9	7	1
REG-28	Normandie	2020-03-15	16	3303500	2020-03-10	5	0	0	0	0.020382084	9	9	7	1
REG-28	Normandie	2020-03-16	13	3303500	2020-03-10	6	0	0	0	0.020382084	9	9	7	1
REG-28	Normandie	2020-03-17	18	3303500	2020-03-10	7	1	1	0	0.020382084	9	9	7	1
REG-28	Normandie	2020-03-18	34	3303500	2020-03-10	8	1	2	0	0.020382084	9	9	7	1
REG-28	Normandie	2020-03-19	33	3303500	2020-03-10	9	1	3	0	0.020382084	9	9	7	1
REG-28	Normandie	2020-03-20	46	3303500	2020-03-10	10	1	4	0	0.020382084	9	9	7	1
REG-28	Normandie	2020-03-21	58	3303500	2020-03-10	11	1	5	0	0.020382084	9	9	7	1
REG-28	Normandie	2020-03-22	117	3303500	2020-03-10	12	1	6	0	0.020382084	9	9	7	1
REG-28	Normandie	2020-03-23	49	3303500	2020-03-10	13	1	7	0	0.020382084	9	9	7	1
REG-28	Normandie	2020-03-24	75	3303500	2020-03-10	14	1	8	0	0.020382084	9	9	7	1
REG-28	Normandie	2020-03-10	5	3303500	2020-03-10	0	0	0	0	0.020382084	9	9	7	2
REG-28	Normandie	2020-03-11	3	3303500	2020-03-10	1	0	0	0	0.020382084	9	9	7	2
REG-28	Normandie	2020-03-12	7	3303500	2020-03-10	2	0	0	0	0.020382084	9	9	7	2
REG-28	Normandie	2020-03-13	6	3303500	2020-03-10	3	0	0	0	0.020382084	9	9	7	2
REG-28	Normandie	2020-03-14	6	3303500	2020-03-10	4	0	0	0	0.020382084	9	9	7	2
REG-28	Normandie	2020-03-15	10	3303500	2020-03-10	5	0	0	0	0.020382084	9	9	7	2
REG-28	Normandie	2020-03-16	17	3303500	2020-03-10	6	0	0	0	0.020382084	9	9	7	2
REG-28	Normandie	2020-03-17	18	3303500	2020-03-10	7	1	1	0	0.020382084	9	9	7	2
REG-28	Normandie	2020-03-18	24	3303500	2020-03-10	8	1	2	0	0.020382084	9	9	7	2
REG-28	Normandie	2020-03-19	27	3303500	2020-03-10	9	1	3	0	0.020382084	9	9	7	2
REG-28	Normandie	2020-03-20	39	3303500	2020-03-10	10	1	4	0	0.020382084	9	9	7	2
REG-28	Normandie	2020-03-21	26	3303500	2020-03-10	11	1	5	0	0.020382084	9	9	7	2
REG-28	Normandie	2020-03-22	31	3303500	2020-03-10	12	1	6	0	0.020382084	9	9	7	2
REG-28	Normandie	2020-03-23	59	3303500	2020-03-10	13	1	7	0	0.020382084	9	9	7	2
REG-28	Normandie	2020-03-24	63	3303500	2020-03-10	14	1	8	0	0.020382084	9	9	7	2
REG-28	Normandie	2020-03-25	72	3303500	2020-03-10	15	1	9	0	0.020382084	9	9	7	2
REG-28	Normandie	2020-03-26	75	3303500	2020-03-10	16	1	10	0	0.020382084	9	9	7	2
REG-28	Normandie	2020-03-27	107	3303500	2020-03-10	17	1	11	0	0.020382084	9	9	7	2
REG-28	Normandie	2020-03-28	79	3303500	2020-03-10	18	1	12	0	0.020382084	9	9	7	2
REG-28	Normandie	2020-03-29	51	3303500	2020-03-10	19	1	13	0	0.020382084	9	9	7	2
REG-28	Normandie	2020-03-30	75	3303500	2020-03-10	20	1	14	0	0.020382084	9	9	7	2
REG-28	Normandie	2020-03-31	77	3303500	2020-03-10	21	1	15	0	0.020382084	9	9	7	2
REG-28	Normandie	2020-04-01	76	3303500	2020-03-10	22	1	16	0	0.020382084	9	9	7	2
REG-28	Normandie	2020-04-02	70	3303500	2020-03-10	23	1	17	0	0.020382084	9	9	7	2
REG-28	Normandie	2020-04-03	72	3303500	2020-03-10	24	1	18	0	0.020382084	9	9	7	2
REG-28	Normandie	2020-04-04	56	3303500	2020-03-10	25	1	19	0	0.020382084	9	9	7	2
REG-28	Normandie	2020-04-05	42	3303500	2020-03-10	26	1	20	0	0.020382084	9	9	7	2
REG-28	Normandie	2020-04-06	60	3303500	2020-03-10	27	1	21	0	0.020382084	9	9	7	2
REG-28	Normandie	2020-04-07	43	3303500	2020-03-10	28	1	22	0	0.020382084	9	9	7	2
REG-28	Normandie	2020-04-08	40	3303500	2020-03-10	29	1	23	0	0.020382084	9	9	7	2
REG-28	Normandie	2020-04-09	54	3303500	2020-03-10	30	1	24	0	0.020382084	9	9	7	2
REG-28	Normandie	2020-04-10	50	3303500	2020-03-10	31	1	25	0	0.020382084	9	9	7	2
REG-28	Normandie	2020-04-11	29	3303500	2020-03-10	32	1	26	0	0.020382084	9	9	7	2
REG-28	Normandie	2020-04-12	20	3303500	2020-03-10	33	1	27	0	0.020382084	9	9	7	2
REG-28	Normandie	2020-04-13	32	3303500	2020-03-10	34	1	28	0	0.020382084	9	9	7	2
REG-28	Normandie	2020-04-14	36	3303500	2020-03-10	35	1	29	0	0.020382084	9	9	7	2
REG-28	Normandie	2020-04-15	29	3303500	2020-03-10	36	1	30	0	0.020382084	9	9	7	2
REG-28	Normandie	2020-04-16	37	3303500	2020-03-10	37	1	31	0	0.020382084	9	9	7	2
REG-28	Normandie	2020-04-17	60	3303500	2020-03-10	38	1	32	0	0.020382084	9	9	7	2
REG-28	Normandie	2020-04-18	29	3303500	2020-03-10	39	1	33	0	0.020382084	9	9	7	2
REG-28	Normandie	2020-04-19	16	3303500	2020-03-10	40	1	34	0	0.020382084	9	9	7	2
REG-28	Normandie	2020-04-20	20	3303500	2020-03-10	41	1	35	0	0.020382084	9	9	7	2
REG-28	Normandie	2020-04-21	27	3303500	2020-03-10	42	1	36	0	0.020382084	9	9	7	2
REG-28	Normandie	2020-04-22	28	3303500	2020-03-10	43	1	37	0	0.020382084	9	9	7	2
REG-28	Normandie	2020-04-23	24	3303500	2020-03-10	44	1	38	0	0.020382084	9	9	7	2
REG-28	Normandie	2020-04-24	16	3303500	2020-03-10	45	1	39	0	0.020382084	9	9	7	2
REG-28	Normandie	2020-04-25	9	3303500	2020-03-10	46	1	40	0	0.020382084	9	9	7	2
REG-28	Normandie	2020-04-26	9	3303500	2020-03-10	47	1	41	0	0.020382084	9	9	7	2
REG-28	Normandie	2020-04-27	25	3303500	2020-03-10	48	1	42	0	0.020382084	9	9	7	2
REG-28	Normandie	2020-04-28	14	3303500	2020-03-10	49	1	43	0	0.020382084	9	9	7	2
REG-28	Normandie	2020-04-29	26	3303500	2020-03-10	50	1	44	0	0.020382084	9	9	7	2
REG-28	Normandie	2020-04-30	15	3303500	2020-03-10	51	1	45	0	0.020382084	9	9	7	2
REG-28	Normandie	2020-05-01	13	3303500	2020-03-10	52	1	46	0	0.020382084	9	9	7	2
REG-28	Normandie	2020-05-02	14	3303500	2020-03-10	53	1	47	0	0.020382084	9	9	7	2
REG-28	Normandie	2020-05-03	11	3303500	2020-03-10	54	1	48	0	0.020382084	9	9	7	2
REG-28	Normandie	2020-05-04	13	3303500	2020-03-10	55	1	49	0	0.020382084	9	9	7	2
REG-28	Normandie	2020-05-05	8	3303500	2020-03-10	56	1	50	0	0.020382084	9	9	7	2
REG-28	Normandie	2020-05-06	4	3303500	2020-03-10	57	1	51	0	0.020382084	9	9	7	2
REG-28	Normandie	2020-05-07	19	3303500	2020-03-10	58	1	52	0	0.020382084	9	9	7	2
REG-28	Normandie	2020-05-08	16	3303500	2020-03-10	59	1	53	0	0.020382084	9	9	7	2
REG-28	Normandie	2020-05-09	4	3303500	2020-03-10	60	1	54	0	0.020382084	9	9	7	2
REG-28	Normandie	2020-05-10	4	3303500	2020-03-10	61	1	55	0	0.020382084	9	9	7	2
REG-28	Normandie	2020-05-11	6	3303500	2020-03-10	62	0	56	1	0.020382084	9	9	7	2
REG-32	HDF	2020-03-02	36	5962662	2020-03-02	0	0	0	0	0.017936282	6	11	15	1
REG-32	HDF	2020-03-03	14	5962662	2020-03-02	1	0	0	0	0.017936282	6	11	15	1
REG-32	HDF	2020-03-04	6	5962662	2020-03-02	2	0	0	0	0.017936282	6	11	15	1
REG-32	HDF	2020-03-05	9	5962662	2020-03-02	3	0	0	0	0.017936282	6	11	15	1
REG-32	HDF	2020-03-06	23	5962662	2020-03-02	4	0	0	0	0.017936282	6	11	15	1
REG-32	HDF	2020-03-07	76	5962662	2020-03-02	5	0	0	0	0.017936282	6	11	15	1
REG-32	HDF	2020-03-08	0	5962662	2020-03-02	6	0	0	0	0.017936282	6	11	15	1
REG-32	HDF	2020-03-09	0	5962662	2020-03-02	7	0	0	0	0.017936282	6	11	15	1
REG-32	HDF	2020-03-10	36	5962662	2020-03-02	8	0	0	0	0.017936282	6	11	15	1
REG-32	HDF	2020-03-11	54	5962662	2020-03-02	9	0	0	0	0.017936282	6	11	15	1
REG-32	HDF	2020-03-12	86	5962662	2020-03-02	10	0	0	0	0.017936282	6	11	15	1
REG-32	HDF	2020-03-13	48	5962662	2020-03-02	11	0	0	0	0.017936282	6	11	15	1
REG-32	HDF	2020-03-14	69	5962662	2020-03-02	12	0	0	0	0.017936282	6	11	15	1
REG-32	HDF	2020-03-15	41	5962662	2020-03-02	13	0	0	0	0.017936282	6	11	15	1
REG-32	HDF	2020-03-16	78	5962662	2020-03-02	14	0	0	0	0.017936282	6	11	15	1
REG-32	HDF	2020-03-17	27	5962662	2020-03-02	15	1	1	0	0.017936282	6	11	15	1
REG-32	HDF	2020-03-18	53	5962662	2020-03-02	16	1	2	0	0.017936282	6	11	15	1
REG-32	HDF	2020-03-19	35	5962662	2020-03-02	17	1	3	0	0.017936282	6	11	15	1
REG-32	HDF	2020-03-20	59	5962662	2020-03-02	18	1	4	0	0.017936282	6	11	15	1
REG-32	HDF	2020-03-21	32	5962662	2020-03-02	19	1	5	0	0.017936282	6	11	15	1
REG-32	HDF	2020-03-22	145	5962662	2020-03-02	20	1	6	0	0.017936282	6	11	15	1
REG-32	HDF	2020-03-23	333	5962662	2020-03-02	21	1	7	0	0.017936282	6	11	15	1
REG-32	HDF	2020-03-24	263	5962662	2020-03-02	22	1	8	0	0.017936282	6	11	15	1
REG-32	HDF	2020-03-02	11	5962662	2020-03-02	0	0	0	0	0.017936282	6	11	15	2
REG-32	HDF	2020-03-03	8	5962662	2020-03-02	1	0	0	0	0.017936282	6	11	15	2
REG-32	HDF	2020-03-04	16	5962662	2020-03-02	2	0	0	0	0.017936282	6	11	15	2
REG-32	HDF	2020-03-05	12	5962662	2020-03-02	3	0	0	0	0.017936282	6	11	15	2
REG-32	HDF	2020-03-06	12	5962662	2020-03-02	4	0	0	0	0.017936282	6	11	15	2
REG-32	HDF	2020-03-07	10	5962662	2020-03-02	5	0	0	0	0.017936282	6	11	15	2
REG-32	HDF	2020-03-08	7	5962662	2020-03-02	6	0	0	0	0.017936282	6	11	15	2
REG-32	HDF	2020-03-09	20	5962662	2020-03-02	7	0	0	0	0.017936282	6	11	15	2
REG-32	HDF	2020-03-10	30	5962662	2020-03-02	8	0	0	0	0.017936282	6	11	15	2
REG-32	HDF	2020-03-11	32	5962662	2020-03-02	9	0	0	0	0.017936282	6	11	15	2
REG-32	HDF	2020-03-12	25	5962662	2020-03-02	10	0	0	0	0.017936282	6	11	15	2
REG-32	HDF	2020-03-13	51	5962662	2020-03-02	11	0	0	0	0.017936282	6	11	15	2
REG-32	HDF	2020-03-14	37	5962662	2020-03-02	12	0	0	0	0.017936282	6	11	15	2
REG-32	HDF	2020-03-15	46	5962662	2020-03-02	13	0	0	0	0.017936282	6	11	15	2
REG-32	HDF	2020-03-16	123	5962662	2020-03-02	14	0	0	0	0.017936282	6	11	15	2
REG-32	HDF	2020-03-17	97	5962662	2020-03-02	15	1	1	0	0.017936282	6	11	15	2
REG-32	HDF	2020-03-18	85	5962662	2020-03-02	16	1	2	0	0.017936282	6	11	15	2
REG-32	HDF	2020-03-19	123	5962662	2020-03-02	17	1	3	0	0.017936282	6	11	15	2
REG-32	HDF	2020-03-20	162	5962662	2020-03-02	18	1	4	0	0.017936282	6	11	15	2
REG-32	HDF	2020-03-21	123	5962662	2020-03-02	19	1	5	0	0.017936282	6	11	15	2
REG-32	HDF	2020-03-22	121	5962662	2020-03-02	20	1	6	0	0.017936282	6	11	15	2
REG-32	HDF	2020-03-23	203	5962662	2020-03-02	21	1	7	0	0.017936282	6	11	15	2
REG-32	HDF	2020-03-24	201	5962662	2020-03-02	22	1	8	0	0.017936282	6	11	15	2
REG-32	HDF	2020-03-25	208	5962662	2020-03-02	23	1	9	0	0.017936282	6	11	15	2
REG-32	HDF	2020-03-26	237	5962662	2020-03-02	24	1	10	0	0.017936282	6	11	15	2
REG-32	HDF	2020-03-27	291	5962662	2020-03-02	25	1	11	0	0.017936282	6	11	15	2
REG-32	HDF	2020-03-28	209	5962662	2020-03-02	26	1	12	0	0.017936282	6	11	15	2
REG-32	HDF	2020-03-29	170	5962662	2020-03-02	27	1	13	0	0.017936282	6	11	15	2
REG-32	HDF	2020-03-30	261	5962662	2020-03-02	28	1	14	0	0.017936282	6	11	15	2
REG-32	HDF	2020-03-31	241	5962662	2020-03-02	29	1	15	0	0.017936282	6	11	15	2
REG-32	HDF	2020-04-01	244	5962662	2020-03-02	30	1	16	0	0.017936282	6	11	15	2
REG-32	HDF	2020-04-02	256	5962662	2020-03-02	31	1	17	0	0.017936282	6	11	15	2
REG-32	HDF	2020-04-03	291	5962662	2020-03-02	32	1	18	0	0.017936282	6	11	15	2
REG-32	HDF	2020-04-04	177	5962662	2020-03-02	33	1	19	0	0.017936282	6	11	15	2
REG-32	HDF	2020-04-05	130	5962662	2020-03-02	34	1	20	0	0.017936282	6	11	15	2
REG-32	HDF	2020-04-06	230	5962662	2020-03-02	35	1	21	0	0.017936282	6	11	15	2
REG-32	HDF	2020-04-07	223	5962662	2020-03-02	36	1	22	0	0.017936282	6	11	15	2
REG-32	HDF	2020-04-08	220	5962662	2020-03-02	37	1	23	0	0.017936282	6	11	15	2
REG-32	HDF	2020-04-09	200	5962662	2020-03-02	38	1	24	0	0.017936282	6	11	15	2
REG-32	HDF	2020-04-10	211	5962662	2020-03-02	39	1	25	0	0.017936282	6	11	15	2
REG-32	HDF	2020-04-11	122	5962662	2020-03-02	40	1	26	0	0.017936282	6	11	15	2
REG-32	HDF	2020-04-12	109	5962662	2020-03-02	41	1	27	0	0.017936282	6	11	15	2
REG-32	HDF	2020-04-13	86	5962662	2020-03-02	42	1	28	0	0.017936282	6	11	15	2
REG-32	HDF	2020-04-14	146	5962662	2020-03-02	43	1	29	0	0.017936282	6	11	15	2
REG-32	HDF	2020-04-15	180	5962662	2020-03-02	44	1	30	0	0.017936282	6	11	15	2
REG-32	HDF	2020-04-16	151	5962662	2020-03-02	45	1	31	0	0.017936282	6	11	15	2
REG-32	HDF	2020-04-17	130	5962662	2020-03-02	46	1	32	0	0.017936282	6	11	15	2
REG-32	HDF	2020-04-18	104	5962662	2020-03-02	47	1	33	0	0.017936282	6	11	15	2
REG-32	HDF	2020-04-19	62	5962662	2020-03-02	48	1	34	0	0.017936282	6	11	15	2
REG-32	HDF	2020-04-20	111	5962662	2020-03-02	49	1	35	0	0.017936282	6	11	15	2
REG-32	HDF	2020-04-21	111	5962662	2020-03-02	50	1	36	0	0.017936282	6	11	15	2
REG-32	HDF	2020-04-22	90	5962662	2020-03-02	51	1	37	0	0.017936282	6	11	15	2
REG-32	HDF	2020-04-23	91	5962662	2020-03-02	52	1	38	0	0.017936282	6	11	15	2
REG-32	HDF	2020-04-24	70	5962662	2020-03-02	53	1	39	0	0.017936282	6	11	15	2
REG-32	HDF	2020-04-25	57	5962662	2020-03-02	54	1	40	0	0.017936282	6	11	15	2
REG-32	HDF	2020-04-26	45	5962662	2020-03-02	55	1	41	0	0.017936282	6	11	15	2
REG-32	HDF	2020-04-27	75	5962662	2020-03-02	56	1	42	0	0.017936282	6	11	15	2
REG-32	HDF	2020-04-28	67	5962662	2020-03-02	57	1	43	0	0.017936282	6	11	15	2
REG-32	HDF	2020-04-29	67	5962662	2020-03-02	58	1	44	0	0.017936282	6	11	15	2
REG-32	HDF	2020-04-30	74	5962662	2020-03-02	59	1	45	0	0.017936282	6	11	15	2
REG-32	HDF	2020-05-01	35	5962662	2020-03-02	60	1	46	0	0.017936282	6	11	15	2
REG-32	HDF	2020-05-02	37	5962662	2020-03-02	61	1	47	0	0.017936282	6	11	15	2
REG-32	HDF	2020-05-03	23	5962662	2020-03-02	62	1	48	0	0.017936282	6	11	15	2
REG-32	HDF	2020-05-04	60	5962662	2020-03-02	63	1	49	0	0.017936282	6	11	15	2
REG-32	HDF	2020-05-05	84	5962662	2020-03-02	64	1	50	0	0.017936282	6	11	15	2
REG-32	HDF	2020-05-06	54	5962662	2020-03-02	65	1	51	0	0.017936282	6	11	15	2
REG-32	HDF	2020-05-07	58	5962662	2020-03-02	66	1	52	0	0.017936282	6	11	15	2
REG-32	HDF	2020-05-08	14	5962662	2020-03-02	67	1	53	0	0.017936282	6	11	15	2
REG-32	HDF	2020-05-09	31	5962662	2020-03-02	68	1	54	0	0.017936282	6	11	15	2
REG-32	HDF	2020-05-10	32	5962662	2020-03-02	69	1	55	0	0.017936282	6	11	15	2
REG-32	HDF	2020-05-11	40	5962662	2020-03-02	70	0	56	1	0.017936282	6	11	15	2
REG-44	GrandEst	2020-03-02	11	5511747	2020-03-02	0	0	0	0	0.051362363	30	14	15	1
REG-44	GrandEst	2020-03-03	1	5511747	2020-03-02	1	0	0	0	0.051362363	30	14	15	1
REG-44	GrandEst	2020-03-04	25	5511747	2020-03-02	2	0	0	0	0.051362363	30	14	15	1
REG-44	GrandEst	2020-03-05	39	5511747	2020-03-02	3	0	0	0	0.051362363	30	14	15	1
REG-44	GrandEst	2020-03-06	59	5511747	2020-03-02	4	0	0	0	0.051362363	30	14	15	1
REG-44	GrandEst	2020-03-07	114	5511747	2020-03-02	5	0	0	0	0.051362363	30	14	15	1
REG-44	GrandEst	2020-03-08	0	5511747	2020-03-02	6	0	0	0	0.051362363	30	14	15	1
REG-44	GrandEst	2020-03-09	0	5511747	2020-03-02	7	0	0	0	0.051362363	30	14	15	1
REG-44	GrandEst	2020-03-10	214	5511747	2020-03-02	8	0	0	0	0.051362363	30	14	15	1
REG-44	GrandEst	2020-03-11	114	5511747	2020-03-02	9	0	0	0	0.051362363	30	14	15	1
REG-44	GrandEst	2020-03-12	121	5511747	2020-03-02	10	0	0	0	0.051362363	30	14	15	1
REG-44	GrandEst	2020-03-13	212	5511747	2020-03-02	11	0	0	0	0.051362363	30	14	15	1
REG-44	GrandEst	2020-03-14	174	5511747	2020-03-02	12	0	0	0	0.051362363	30	14	15	1
REG-44	GrandEst	2020-03-15	293	5511747	2020-03-02	13	0	0	0	0.051362363	30	14	15	1
REG-44	GrandEst	2020-03-16	165	5511747	2020-03-02	14	0	0	0	0.051362363	30	14	15	1
REG-44	GrandEst	2020-03-17	277	5511747	2020-03-02	15	1	1	0	0.051362363	30	14	15	1
REG-44	GrandEst	2020-03-18	343	5511747	2020-03-02	16	1	2	0	0.051362363	30	14	15	1
REG-44	GrandEst	2020-03-19	480	5511747	2020-03-02	17	1	3	0	0.051362363	30	14	15	1
REG-44	GrandEst	2020-03-20	363	5511747	2020-03-02	18	1	4	0	0.051362363	30	14	15	1
REG-44	GrandEst	2020-03-21	83	5511747	2020-03-02	19	1	5	0	0.051362363	30	14	15	1
REG-44	GrandEst	2020-03-22	306	5511747	2020-03-02	20	1	6	0	0.051362363	30	14	15	1
REG-44	GrandEst	2020-03-23	861	5511747	2020-03-02	21	1	7	0	0.051362363	30	14	15	1
REG-44	GrandEst	2020-03-24	666	5511747	2020-03-02	22	1	8	0	0.051362363	30	14	15	1
REG-44	GrandEst	2020-03-02	21	5511747	2020-03-02	0	0	0	0	0.051362363	30	14	15	2
REG-44	GrandEst	2020-03-03	16	5511747	2020-03-02	1	0	0	0	0.051362363	30	14	15	2
REG-44	GrandEst	2020-03-04	44	5511747	2020-03-02	2	0	0	0	0.051362363	30	14	15	2
REG-44	GrandEst	2020-03-05	50	5511747	2020-03-02	3	0	0	0	0.051362363	30	14	15	2
REG-44	GrandEst	2020-03-06	52	5511747	2020-03-02	4	0	0	0	0.051362363	30	14	15	2
REG-44	GrandEst	2020-03-07	43	5511747	2020-03-02	5	0	0	0	0.051362363	30	14	15	2
REG-44	GrandEst	2020-03-08	35	5511747	2020-03-02	6	0	0	0	0.051362363	30	14	15	2
REG-44	GrandEst	2020-03-09	57	5511747	2020-03-02	7	0	0	0	0.051362363	30	14	15	2
REG-44	GrandEst	2020-03-10	60	5511747	2020-03-02	8	0	0	0	0.051362363	30	14	15	2
REG-44	GrandEst	2020-03-11	89	5511747	2020-03-02	9	0	0	0	0.051362363	30	14	15	2
REG-44	GrandEst	2020-03-12	91	5511747	2020-03-02	10	0	0	0	0.051362363	30	14	15	2
REG-44	GrandEst	2020-03-13	134	5511747	2020-03-02	11	0	0	0	0.051362363	30	14	15	2
REG-44	GrandEst	2020-03-14	121	5511747	2020-03-02	12	0	0	0	0.051362363	30	14	15	2
REG-44	GrandEst	2020-03-15	207	5511747	2020-03-02	13	0	0	0	0.051362363	30	14	15	2
REG-44	GrandEst	2020-03-16	319	5511747	2020-03-02	14	0	0	0	0.051362363	30	14	15	2
REG-44	GrandEst	2020-03-17	296	5511747	2020-03-02	15	1	1	0	0.051362363	30	14	15	2
REG-44	GrandEst	2020-03-18	338	5511747	2020-03-02	16	1	2	0	0.051362363	30	14	15	2
REG-44	GrandEst	2020-03-19	399	5511747	2020-03-02	17	1	3	0	0.051362363	30	14	15	2
REG-44	GrandEst	2020-03-20	424	5511747	2020-03-02	18	1	4	0	0.051362363	30	14	15	2
REG-44	GrandEst	2020-03-21	352	5511747	2020-03-02	19	1	5	0	0.051362363	30	14	15	2
REG-44	GrandEst	2020-03-22	348	5511747	2020-03-02	20	1	6	0	0.051362363	30	14	15	2
REG-44	GrandEst	2020-03-23	590	5511747	2020-03-02	21	1	7	0	0.051362363	30	14	15	2
REG-44	GrandEst	2020-03-24	511	5511747	2020-03-02	22	1	8	0	0.051362363	30	14	15	2
REG-44	GrandEst	2020-03-25	577	5511747	2020-03-02	23	1	9	0	0.051362363	30	14	15	2
REG-44	GrandEst	2020-03-26	552	5511747	2020-03-02	24	1	10	0	0.051362363	30	14	15	2
REG-44	GrandEst	2020-03-27	609	5511747	2020-03-02	25	1	11	0	0.051362363	30	14	15	2
REG-44	GrandEst	2020-03-28	435	5511747	2020-03-02	26	1	12	0	0.051362363	30	14	15	2
REG-44	GrandEst	2020-03-29	318	5511747	2020-03-02	27	1	13	0	0.051362363	30	14	15	2
REG-44	GrandEst	2020-03-30	527	5511747	2020-03-02	28	1	14	0	0.051362363	30	14	15	2
REG-44	GrandEst	2020-03-31	525	5511747	2020-03-02	29	1	15	0	0.051362363	30	14	15	2
REG-44	GrandEst	2020-04-01	447	5511747	2020-03-02	30	1	16	0	0.051362363	30	14	15	2
REG-44	GrandEst	2020-04-02	458	5511747	2020-03-02	31	1	17	0	0.051362363	30	14	15	2
REG-44	GrandEst	2020-04-03	484	5511747	2020-03-02	32	1	18	0	0.051362363	30	14	15	2
REG-44	GrandEst	2020-04-04	314	5511747	2020-03-02	33	1	19	0	0.051362363	30	14	15	2
REG-44	GrandEst	2020-04-05	191	5511747	2020-03-02	34	1	20	0	0.051362363	30	14	15	2
REG-44	GrandEst	2020-04-06	375	5511747	2020-03-02	35	1	21	0	0.051362363	30	14	15	2
REG-44	GrandEst	2020-04-07	302	5511747	2020-03-02	36	1	22	0	0.051362363	30	14	15	2
REG-44	GrandEst	2020-04-08	314	5511747	2020-03-02	37	1	23	0	0.051362363	30	14	15	2
REG-44	GrandEst	2020-04-09	321	5511747	2020-03-02	38	1	24	0	0.051362363	30	14	15	2
REG-44	GrandEst	2020-04-10	231	5511747	2020-03-02	39	1	25	0	0.051362363	30	14	15	2
REG-44	GrandEst	2020-04-11	226	5511747	2020-03-02	40	1	26	0	0.051362363	30	14	15	2
REG-44	GrandEst	2020-04-12	150	5511747	2020-03-02	41	1	27	0	0.051362363	30	14	15	2
REG-44	GrandEst	2020-04-13	137	5511747	2020-03-02	42	1	28	0	0.051362363	30	14	15	2
REG-44	GrandEst	2020-04-14	244	5511747	2020-03-02	43	1	29	0	0.051362363	30	14	15	2
REG-44	GrandEst	2020-04-15	221	5511747	2020-03-02	44	1	30	0	0.051362363	30	14	15	2
REG-44	GrandEst	2020-04-16	190	5511747	2020-03-02	45	1	31	0	0.051362363	30	14	15	2
REG-44	GrandEst	2020-04-17	227	5511747	2020-03-02	46	1	32	0	0.051362363	30	14	15	2
REG-44	GrandEst	2020-04-18	121	5511747	2020-03-02	47	1	33	0	0.051362363	30	14	15	2
REG-44	GrandEst	2020-04-19	97	5511747	2020-03-02	48	1	34	0	0.051362363	30	14	15	2
REG-44	GrandEst	2020-04-20	188	5511747	2020-03-02	49	1	35	0	0.051362363	30	14	15	2
REG-44	GrandEst	2020-04-21	171	5511747	2020-03-02	50	1	36	0	0.051362363	30	14	15	2
REG-44	GrandEst	2020-04-22	157	5511747	2020-03-02	51	1	37	0	0.051362363	30	14	15	2
REG-44	GrandEst	2020-04-23	135	5511747	2020-03-02	52	1	38	0	0.051362363	30	14	15	2
REG-44	GrandEst	2020-04-24	131	5511747	2020-03-02	53	1	39	0	0.051362363	30	14	15	2
REG-44	GrandEst	2020-04-25	104	5511747	2020-03-02	54	1	40	0	0.051362363	30	14	15	2
REG-44	GrandEst	2020-04-26	65	5511747	2020-03-02	55	1	41	0	0.051362363	30	14	15	2
REG-44	GrandEst	2020-04-27	142	5511747	2020-03-02	56	1	42	0	0.051362363	30	14	15	2
REG-44	GrandEst	2020-04-28	127	5511747	2020-03-02	57	1	43	0	0.051362363	30	14	15	2
REG-44	GrandEst	2020-04-29	107	5511747	2020-03-02	58	1	44	0	0.051362363	30	14	15	2
REG-44	GrandEst	2020-04-30	119	5511747	2020-03-02	59	1	45	0	0.051362363	30	14	15	2
REG-44	GrandEst	2020-05-01	63	5511747	2020-03-02	60	1	46	0	0.051362363	30	14	15	2
REG-44	GrandEst	2020-05-02	76	5511747	2020-03-02	61	1	47	0	0.051362363	30	14	15	2
REG-44	GrandEst	2020-05-03	48	5511747	2020-03-02	62	1	48	0	0.051362363	30	14	15	2
REG-44	GrandEst	2020-05-04	89	5511747	2020-03-02	63	1	49	0	0.051362363	30	14	15	2
REG-44	GrandEst	2020-05-05	106	5511747	2020-03-02	64	1	50	0	0.051362363	30	14	15	2
REG-44	GrandEst	2020-05-06	80	5511747	2020-03-02	65	1	51	0	0.051362363	30	14	15	2
REG-44	GrandEst	2020-05-07	88	5511747	2020-03-02	66	1	52	0	0.051362363	30	14	15	2
REG-44	GrandEst	2020-05-08	33	5511747	2020-03-02	67	1	53	0	0.051362363	30	14	15	2
REG-44	GrandEst	2020-05-09	54	5511747	2020-03-02	68	1	54	0	0.051362363	30	14	15	2
REG-44	GrandEst	2020-05-10	47	5511747	2020-03-02	69	1	55	0	0.051362363	30	14	15	2
REG-44	GrandEst	2020-05-11	61	5511747	2020-03-02	70	0	56	1	0.051362363	30	14	15	2
REG-52	PaysLoire	2020-03-04	2	3801797	2020-03-04	0	0	0	0	0.009387621	2	6	13	1
REG-52	PaysLoire	2020-03-05	1	3801797	2020-03-04	1	0	0	0	0.009387621	2	6	13	1
REG-52	PaysLoire	2020-03-06	8	3801797	2020-03-04	2	0	0	0	0.009387621	2	6	13	1
REG-52	PaysLoire	2020-03-07	2	3801797	2020-03-04	3	0	0	0	0.009387621	2	6	13	1
REG-52	PaysLoire	2020-03-08	0	3801797	2020-03-04	4	0	0	0	0.009387621	2	6	13	1
REG-52	PaysLoire	2020-03-09	0	3801797	2020-03-04	5	0	0	0	0.009387621	2	6	13	1
REG-52	PaysLoire	2020-03-10	9	3801797	2020-03-04	6	0	0	0	0.009387621	2	6	13	1
REG-52	PaysLoire	2020-03-11	7	3801797	2020-03-04	7	0	0	0	0.009387621	2	6	13	1
REG-52	PaysLoire	2020-03-12	7	3801797	2020-03-04	8	0	0	0	0.009387621	2	6	13	1
REG-52	PaysLoire	2020-03-13	14	3801797	2020-03-04	9	0	0	0	0.009387621	2	6	13	1
REG-52	PaysLoire	2020-03-14	27	3801797	2020-03-04	10	0	0	0	0.009387621	2	6	13	1
REG-52	PaysLoire	2020-03-15	16	3801797	2020-03-04	11	0	0	0	0.009387621	2	6	13	1
REG-52	PaysLoire	2020-03-16	10	3801797	2020-03-04	12	0	0	0	0.009387621	2	6	13	1
REG-52	PaysLoire	2020-03-17	18	3801797	2020-03-04	13	1	1	0	0.009387621	2	6	13	1
REG-52	PaysLoire	2020-03-18	2	3801797	2020-03-04	14	1	2	0	0.009387621	2	6	13	1
REG-52	PaysLoire	2020-03-19	32	3801797	2020-03-04	15	1	3	0	0.009387621	2	6	13	1
REG-52	PaysLoire	2020-03-20	30	3801797	2020-03-04	16	1	4	0	0.009387621	2	6	13	1
REG-52	PaysLoire	2020-03-21	44	3801797	2020-03-04	17	1	5	0	0.009387621	2	6	13	1
REG-52	PaysLoire	2020-03-22	36	3801797	2020-03-04	18	1	6	0	0.009387621	2	6	13	1
REG-52	PaysLoire	2020-03-23	23	3801797	2020-03-04	19	1	7	0	0.009387621	2	6	13	1
REG-52	PaysLoire	2020-03-24	50	3801797	2020-03-04	20	1	8	0	0.009387621	2	6	13	1
REG-52	PaysLoire	2020-03-04	1	3801797	2020-03-04	0	0	0	0	0.009387621	2	6	13	2
REG-52	PaysLoire	2020-03-05	4	3801797	2020-03-04	1	0	0	0	0.009387621	2	6	13	2
REG-52	PaysLoire	2020-03-06	8	3801797	2020-03-04	2	0	0	0	0.009387621	2	6	13	2
REG-52	PaysLoire	2020-03-07	1	3801797	2020-03-04	3	0	0	0	0.009387621	2	6	13	2
REG-52	PaysLoire	2020-03-08	1	3801797	2020-03-04	4	0	0	0	0.009387621	2	6	13	2
REG-52	PaysLoire	2020-03-09	1	3801797	2020-03-04	5	0	0	0	0.009387621	2	6	13	2
REG-52	PaysLoire	2020-03-10	2	3801797	2020-03-04	6	0	0	0	0.009387621	2	6	13	2
REG-52	PaysLoire	2020-03-11	9	3801797	2020-03-04	7	0	0	0	0.009387621	2	6	13	2
REG-52	PaysLoire	2020-03-12	8	3801797	2020-03-04	8	0	0	0	0.009387621	2	6	13	2
REG-52	PaysLoire	2020-03-13	12	3801797	2020-03-04	9	0	0	0	0.009387621	2	6	13	2
REG-52	PaysLoire	2020-03-14	21	3801797	2020-03-04	10	0	0	0	0.009387621	2	6	13	2
REG-52	PaysLoire	2020-03-15	8	3801797	2020-03-04	11	0	0	0	0.009387621	2	6	13	2
REG-52	PaysLoire	2020-03-16	14	3801797	2020-03-04	12	0	0	0	0.009387621	2	6	13	2
REG-52	PaysLoire	2020-03-17	9	3801797	2020-03-04	13	1	1	0	0.009387621	2	6	13	2
REG-52	PaysLoire	2020-03-18	25	3801797	2020-03-04	14	1	2	0	0.009387621	2	6	13	2
REG-52	PaysLoire	2020-03-19	19	3801797	2020-03-04	15	1	3	0	0.009387621	2	6	13	2
REG-52	PaysLoire	2020-03-20	29	3801797	2020-03-04	16	1	4	0	0.009387621	2	6	13	2
REG-52	PaysLoire	2020-03-21	43	3801797	2020-03-04	17	1	5	0	0.009387621	2	6	13	2
REG-52	PaysLoire	2020-03-22	56	3801797	2020-03-04	18	1	6	0	0.009387621	2	6	13	2
REG-52	PaysLoire	2020-03-23	52	3801797	2020-03-04	19	1	7	0	0.009387621	2	6	13	2
REG-52	PaysLoire	2020-03-24	65	3801797	2020-03-04	20	1	8	0	0.009387621	2	6	13	2
REG-52	PaysLoire	2020-03-25	84	3801797	2020-03-04	21	1	9	0	0.009387621	2	6	13	2
REG-52	PaysLoire	2020-03-26	99	3801797	2020-03-04	22	1	10	0	0.009387621	2	6	13	2
REG-52	PaysLoire	2020-03-27	103	3801797	2020-03-04	23	1	11	0	0.009387621	2	6	13	2
REG-52	PaysLoire	2020-03-28	80	3801797	2020-03-04	24	1	12	0	0.009387621	2	6	13	2
REG-52	PaysLoire	2020-03-29	60	3801797	2020-03-04	25	1	13	0	0.009387621	2	6	13	2
REG-52	PaysLoire	2020-03-30	92	3801797	2020-03-04	26	1	14	0	0.009387621	2	6	13	2
REG-52	PaysLoire	2020-03-31	80	3801797	2020-03-04	27	1	15	0	0.009387621	2	6	13	2
REG-52	PaysLoire	2020-04-01	67	3801797	2020-03-04	28	1	16	0	0.009387621	2	6	13	2
REG-52	PaysLoire	2020-04-02	104	3801797	2020-03-04	29	1	17	0	0.009387621	2	6	13	2
REG-52	PaysLoire	2020-04-03	68	3801797	2020-03-04	30	1	18	0	0.009387621	2	6	13	2
REG-52	PaysLoire	2020-04-04	68	3801797	2020-03-04	31	1	19	0	0.009387621	2	6	13	2
REG-52	PaysLoire	2020-04-05	48	3801797	2020-03-04	32	1	20	0	0.009387621	2	6	13	2
REG-52	PaysLoire	2020-04-06	79	3801797	2020-03-04	33	1	21	0	0.009387621	2	6	13	2
REG-52	PaysLoire	2020-04-07	52	3801797	2020-03-04	34	1	22	0	0.009387621	2	6	13	2
REG-52	PaysLoire	2020-04-08	60	3801797	2020-03-04	35	1	23	0	0.009387621	2	6	13	2
REG-52	PaysLoire	2020-04-09	63	3801797	2020-03-04	36	1	24	0	0.009387621	2	6	13	2
REG-52	PaysLoire	2020-04-10	58	3801797	2020-03-04	37	1	25	0	0.009387621	2	6	13	2
REG-52	PaysLoire	2020-04-11	44	3801797	2020-03-04	38	1	26	0	0.009387621	2	6	13	2
REG-52	PaysLoire	2020-04-12	34	3801797	2020-03-04	39	1	27	0	0.009387621	2	6	13	2
REG-52	PaysLoire	2020-04-13	22	3801797	2020-03-04	40	1	28	0	0.009387621	2	6	13	2
REG-52	PaysLoire	2020-04-14	41	3801797	2020-03-04	41	1	29	0	0.009387621	2	6	13	2
REG-52	PaysLoire	2020-04-15	55	3801797	2020-03-04	42	1	30	0	0.009387621	2	6	13	2
REG-52	PaysLoire	2020-04-16	35	3801797	2020-03-04	43	1	31	0	0.009387621	2	6	13	2
REG-52	PaysLoire	2020-04-17	39	3801797	2020-03-04	44	1	32	0	0.009387621	2	6	13	2
REG-52	PaysLoire	2020-04-18	26	3801797	2020-03-04	45	1	33	0	0.009387621	2	6	13	2
REG-52	PaysLoire	2020-04-19	13	3801797	2020-03-04	46	1	34	0	0.009387621	2	6	13	2
REG-52	PaysLoire	2020-04-20	31	3801797	2020-03-04	47	1	35	0	0.009387621	2	6	13	2
REG-52	PaysLoire	2020-04-21	42	3801797	2020-03-04	48	1	36	0	0.009387621	2	6	13	2
REG-52	PaysLoire	2020-04-22	33	3801797	2020-03-04	49	1	37	0	0.009387621	2	6	13	2
REG-52	PaysLoire	2020-04-23	18	3801797	2020-03-04	50	1	38	0	0.009387621	2	6	13	2
REG-52	PaysLoire	2020-04-24	27	3801797	2020-03-04	51	1	39	0	0.009387621	2	6	13	2
REG-52	PaysLoire	2020-04-25	18	3801797	2020-03-04	52	1	40	0	0.009387621	2	6	13	2
REG-52	PaysLoire	2020-04-26	10	3801797	2020-03-04	53	1	41	0	0.009387621	2	6	13	2
REG-52	PaysLoire	2020-04-27	23	3801797	2020-03-04	54	1	42	0	0.009387621	2	6	13	2
REG-52	PaysLoire	2020-04-28	21	3801797	2020-03-04	55	1	43	0	0.009387621	2	6	13	2
REG-52	PaysLoire	2020-04-29	17	3801797	2020-03-04	56	1	44	0	0.009387621	2	6	13	2
REG-52	PaysLoire	2020-04-30	23	3801797	2020-03-04	57	1	45	0	0.009387621	2	6	13	2
REG-52	PaysLoire	2020-05-01	13	3801797	2020-03-04	58	1	46	0	0.009387621	2	6	13	2
REG-52	PaysLoire	2020-05-02	19	3801797	2020-03-04	59	1	47	0	0.009387621	2	6	13	2
REG-52	PaysLoire	2020-05-03	12	3801797	2020-03-04	60	1	48	0	0.009387621	2	6	13	2
REG-52	PaysLoire	2020-05-04	16	3801797	2020-03-04	61	1	49	0	0.009387621	2	6	13	2
REG-52	PaysLoire	2020-05-05	14	3801797	2020-03-04	62	1	50	0	0.009387621	2	6	13	2
REG-52	PaysLoire	2020-05-06	9	3801797	2020-03-04	63	1	51	0	0.009387621	2	6	13	2
REG-52	PaysLoire	2020-05-07	13	3801797	2020-03-04	64	1	52	0	0.009387621	2	6	13	2
REG-52	PaysLoire	2020-05-08	8	3801797	2020-03-04	65	1	53	0	0.009387621	2	6	13	2
REG-52	PaysLoire	2020-05-09	9	3801797	2020-03-04	66	1	54	0	0.009387621	2	6	13	2
REG-52	PaysLoire	2020-05-10	15	3801797	2020-03-04	67	1	55	0	0.009387621	2	6	13	2
REG-52	PaysLoire	2020-05-11	13	3801797	2020-03-04	68	0	56	1	0.009387621	2	6	13	2
REG-53	Bretagne	2020-03-02	12	3340379	2020-03-02	0	0	0	0	0.018274502	6	9	15	1
REG-53	Bretagne	2020-03-03	6	3340379	2020-03-02	1	0	0	0	0.018274502	6	9	15	1
REG-53	Bretagne	2020-03-04	4	3340379	2020-03-02	2	0	0	0	0.018274502	6	9	15	1
REG-53	Bretagne	2020-03-05	6	3340379	2020-03-02	3	0	0	0	0.018274502	6	9	15	1
REG-53	Bretagne	2020-03-06	3	3340379	2020-03-02	4	0	0	0	0.018274502	6	9	15	1
REG-53	Bretagne	2020-03-07	8	3340379	2020-03-02	5	0	0	0	0.018274502	6	9	15	1
REG-53	Bretagne	2020-03-08	0	3340379	2020-03-02	6	0	0	0	0.018274502	6	9	15	1
REG-53	Bretagne	2020-03-09	0	3340379	2020-03-02	7	0	0	0	0.018274502	6	9	15	1
REG-53	Bretagne	2020-03-10	41	3340379	2020-03-02	8	0	0	0	0.018274502	6	9	15	1
REG-53	Bretagne	2020-03-11	13	3340379	2020-03-02	9	0	0	0	0.018274502	6	9	15	1
REG-53	Bretagne	2020-03-12	23	3340379	2020-03-02	10	0	0	0	0.018274502	6	9	15	1
REG-53	Bretagne	2020-03-13	38	3340379	2020-03-02	11	0	0	0	0.018274502	6	9	15	1
REG-53	Bretagne	2020-03-14	27	3340379	2020-03-02	12	0	0	0	0.018274502	6	9	15	1
REG-53	Bretagne	2020-03-15	25	3340379	2020-03-02	13	0	0	0	0.018274502	6	9	15	1
REG-53	Bretagne	2020-03-16	26	3340379	2020-03-02	14	0	0	0	0.018274502	6	9	15	1
REG-53	Bretagne	2020-03-17	14	3340379	2020-03-02	15	1	1	0	0.018274502	6	9	15	1
REG-53	Bretagne	2020-03-18	26	3340379	2020-03-02	16	1	2	0	0.018274502	6	9	15	1
REG-53	Bretagne	2020-03-19	24	3340379	2020-03-02	17	1	3	0	0.018274502	6	9	15	1
REG-53	Bretagne	2020-03-20	49	3340379	2020-03-02	18	1	4	0	0.018274502	6	9	15	1
REG-53	Bretagne	2020-03-21	13	3340379	2020-03-02	19	1	5	0	0.018274502	6	9	15	1
REG-53	Bretagne	2020-03-22	38	3340379	2020-03-02	20	1	6	0	0.018274502	6	9	15	1
REG-53	Bretagne	2020-03-23	93	3340379	2020-03-02	21	1	7	0	0.018274502	6	9	15	1
REG-53	Bretagne	2020-03-24	36	3340379	2020-03-02	22	1	8	0	0.018274502	6	9	15	1
REG-53	Bretagne	2020-03-02	1	3340379	2020-03-02	0	0	0	0	0.018274502	6	9	15	2
REG-53	Bretagne	2020-03-03	4	3340379	2020-03-02	1	0	0	0	0.018274502	6	9	15	2
REG-53	Bretagne	2020-03-04	3	3340379	2020-03-02	2	0	0	0	0.018274502	6	9	15	2
REG-53	Bretagne	2020-03-05	4	3340379	2020-03-02	3	0	0	0	0.018274502	6	9	15	2
REG-53	Bretagne	2020-03-06	7	3340379	2020-03-02	4	0	0	0	0.018274502	6	9	15	2
REG-53	Bretagne	2020-03-07	4	3340379	2020-03-02	5	0	0	0	0.018274502	6	9	15	2
REG-53	Bretagne	2020-03-08	4	3340379	2020-03-02	6	0	0	0	0.018274502	6	9	15	2
REG-53	Bretagne	2020-03-09	8	3340379	2020-03-02	7	0	0	0	0.018274502	6	9	15	2
REG-53	Bretagne	2020-03-10	7	3340379	2020-03-02	8	0	0	0	0.018274502	6	9	15	2
REG-53	Bretagne	2020-03-11	8	3340379	2020-03-02	9	0	0	0	0.018274502	6	9	15	2
REG-53	Bretagne	2020-03-12	12	3340379	2020-03-02	10	0	0	0	0.018274502	6	9	15	2
REG-53	Bretagne	2020-03-13	13	3340379	2020-03-02	11	0	0	0	0.018274502	6	9	15	2
REG-53	Bretagne	2020-03-14	7	3340379	2020-03-02	12	0	0	0	0.018274502	6	9	15	2
REG-53	Bretagne	2020-03-15	23	3340379	2020-03-02	13	0	0	0	0.018274502	6	9	15	2
REG-53	Bretagne	2020-03-16	12	3340379	2020-03-02	14	0	0	0	0.018274502	6	9	15	2
REG-53	Bretagne	2020-03-17	12	3340379	2020-03-02	15	1	1	0	0.018274502	6	9	15	2
REG-53	Bretagne	2020-03-18	21	3340379	2020-03-02	16	1	2	0	0.018274502	6	9	15	2
REG-53	Bretagne	2020-03-19	24	3340379	2020-03-02	17	1	3	0	0.018274502	6	9	15	2
REG-53	Bretagne	2020-03-20	22	3340379	2020-03-02	18	1	4	0	0.018274502	6	9	15	2
REG-53	Bretagne	2020-03-21	27	3340379	2020-03-02	19	1	5	0	0.018274502	6	9	15	2
REG-53	Bretagne	2020-03-22	18	3340379	2020-03-02	20	1	6	0	0.018274502	6	9	15	2
REG-53	Bretagne	2020-03-23	45	3340379	2020-03-02	21	1	7	0	0.018274502	6	9	15	2
REG-53	Bretagne	2020-03-24	33	3340379	2020-03-02	22	1	8	0	0.018274502	6	9	15	2
REG-53	Bretagne	2020-03-25	63	3340379	2020-03-02	23	1	9	0	0.018274502	6	9	15	2
REG-53	Bretagne	2020-03-26	47	3340379	2020-03-02	24	1	10	0	0.018274502	6	9	15	2
REG-53	Bretagne	2020-03-27	43	3340379	2020-03-02	25	1	11	0	0.018274502	6	9	15	2
REG-53	Bretagne	2020-03-28	49	3340379	2020-03-02	26	1	12	0	0.018274502	6	9	15	2
REG-53	Bretagne	2020-03-29	36	3340379	2020-03-02	27	1	13	0	0.018274502	6	9	15	2
REG-53	Bretagne	2020-03-30	42	3340379	2020-03-02	28	1	14	0	0.018274502	6	9	15	2
REG-53	Bretagne	2020-03-31	42	3340379	2020-03-02	29	1	15	0	0.018274502	6	9	15	2
REG-53	Bretagne	2020-04-01	80	3340379	2020-03-02	30	1	16	0	0.018274502	6	9	15	2
REG-53	Bretagne	2020-04-02	47	3340379	2020-03-02	31	1	17	0	0.018274502	6	9	15	2
REG-53	Bretagne	2020-04-03	40	3340379	2020-03-02	32	1	18	0	0.018274502	6	9	15	2
REG-53	Bretagne	2020-04-04	30	3340379	2020-03-02	33	1	19	0	0.018274502	6	9	15	2
REG-53	Bretagne	2020-04-05	66	3340379	2020-03-02	34	1	20	0	0.018274502	6	9	15	2
REG-53	Bretagne	2020-04-06	37	3340379	2020-03-02	35	1	21	0	0.018274502	6	9	15	2
REG-53	Bretagne	2020-04-07	33	3340379	2020-03-02	36	1	22	0	0.018274502	6	9	15	2
REG-53	Bretagne	2020-04-08	47	3340379	2020-03-02	37	1	23	0	0.018274502	6	9	15	2
REG-53	Bretagne	2020-04-09	38	3340379	2020-03-02	38	1	24	0	0.018274502	6	9	15	2
REG-53	Bretagne	2020-04-10	41	3340379	2020-03-02	39	1	25	0	0.018274502	6	9	15	2
REG-53	Bretagne	2020-04-11	39	3340379	2020-03-02	40	1	26	0	0.018274502	6	9	15	2
REG-53	Bretagne	2020-04-12	24	3340379	2020-03-02	41	1	27	0	0.018274502	6	9	15	2
REG-53	Bretagne	2020-04-13	9	3340379	2020-03-02	42	1	28	0	0.018274502	6	9	15	2
REG-53	Bretagne	2020-04-14	27	3340379	2020-03-02	43	1	29	0	0.018274502	6	9	15	2
REG-53	Bretagne	2020-04-15	26	3340379	2020-03-02	44	1	30	0	0.018274502	6	9	15	2
REG-53	Bretagne	2020-04-16	24	3340379	2020-03-02	45	1	31	0	0.018274502	6	9	15	2
REG-53	Bretagne	2020-04-17	19	3340379	2020-03-02	46	1	32	0	0.018274502	6	9	15	2
REG-53	Bretagne	2020-04-18	17	3340379	2020-03-02	47	1	33	0	0.018274502	6	9	15	2
REG-53	Bretagne	2020-04-19	12	3340379	2020-03-02	48	1	34	0	0.018274502	6	9	15	2
REG-53	Bretagne	2020-04-20	24	3340379	2020-03-02	49	1	35	0	0.018274502	6	9	15	2
REG-53	Bretagne	2020-04-21	26	3340379	2020-03-02	50	1	36	0	0.018274502	6	9	15	2
REG-53	Bretagne	2020-04-22	18	3340379	2020-03-02	51	1	37	0	0.018274502	6	9	15	2
REG-53	Bretagne	2020-04-23	20	3340379	2020-03-02	52	1	38	0	0.018274502	6	9	15	2
REG-53	Bretagne	2020-04-24	11	3340379	2020-03-02	53	1	39	0	0.018274502	6	9	15	2
REG-53	Bretagne	2020-04-25	3	3340379	2020-03-02	54	1	40	0	0.018274502	6	9	15	2
REG-53	Bretagne	2020-04-26	4	3340379	2020-03-02	55	1	41	0	0.018274502	6	9	15	2
REG-53	Bretagne	2020-04-27	17	3340379	2020-03-02	56	1	42	0	0.018274502	6	9	15	2
REG-53	Bretagne	2020-04-28	8	3340379	2020-03-02	57	1	43	0	0.018274502	6	9	15	2
REG-53	Bretagne	2020-04-29	18	3340379	2020-03-02	58	1	44	0	0.018274502	6	9	15	2
REG-53	Bretagne	2020-04-30	13	3340379	2020-03-02	59	1	45	0	0.018274502	6	9	15	2
REG-53	Bretagne	2020-05-01	4	3340379	2020-03-02	60	1	46	0	0.018274502	6	9	15	2
REG-53	Bretagne	2020-05-02	12	3340379	2020-03-02	61	1	47	0	0.018274502	6	9	15	2
REG-53	Bretagne	2020-05-03	6	3340379	2020-03-02	62	1	48	0	0.018274502	6	9	15	2
REG-53	Bretagne	2020-05-04	3	3340379	2020-03-02	63	1	49	0	0.018274502	6	9	15	2
REG-53	Bretagne	2020-05-05	5	3340379	2020-03-02	64	1	50	0	0.018274502	6	9	15	2
REG-53	Bretagne	2020-05-06	9	3340379	2020-03-02	65	1	51	0	0.018274502	6	9	15	2
REG-53	Bretagne	2020-05-07	7	3340379	2020-03-02	66	1	52	0	0.018274502	6	9	15	2
REG-53	Bretagne	2020-05-08	4	3340379	2020-03-02	67	1	53	0	0.018274502	6	9	15	2
REG-53	Bretagne	2020-05-09	9	3340379	2020-03-02	68	1	54	0	0.018274502	6	9	15	2
REG-53	Bretagne	2020-05-10	5	3340379	2020-03-02	69	1	55	0	0.018274502	6	9	15	2
REG-53	Bretagne	2020-05-11	5	3340379	2020-03-02	70	0	56	1	0.018274502	6	9	15	2
REG-75	NAquitaine	2020-03-04	1	5999982	2020-03-04	0	0	0	0	0.032358432	1	5	13	1
REG-75	NAquitaine	2020-03-05	3	5999982	2020-03-04	1	0	0	0	0.032358432	1	5	13	1
REG-75	NAquitaine	2020-03-06	3	5999982	2020-03-04	2	0	0	0	0.032358432	1	5	13	1
REG-75	NAquitaine	2020-03-07	6	5999982	2020-03-04	3	0	0	0	0.032358432	1	5	13	1
REG-75	NAquitaine	2020-03-08	0	5999982	2020-03-04	4	0	0	0	0.032358432	1	5	13	1
REG-75	NAquitaine	2020-03-09	0	5999982	2020-03-04	5	0	0	0	0.032358432	1	5	13	1
REG-75	NAquitaine	2020-03-10	37	5999982	2020-03-04	6	0	0	0	0.032358432	1	5	13	1
REG-75	NAquitaine	2020-03-11	12	5999982	2020-03-04	7	0	0	0	0.032358432	1	5	13	1
REG-75	NAquitaine	2020-03-12	21	5999982	2020-03-04	8	0	0	0	0.032358432	1	5	13	1
REG-75	NAquitaine	2020-03-13	27	5999982	2020-03-04	9	0	0	0	0.032358432	1	5	13	1
REG-75	NAquitaine	2020-03-14	16	5999982	2020-03-04	10	0	0	0	0.032358432	1	5	13	1
REG-75	NAquitaine	2020-03-15	14	5999982	2020-03-04	11	0	0	0	0.032358432	1	5	13	1
REG-75	NAquitaine	2020-03-16	34	5999982	2020-03-04	12	0	0	0	0.032358432	1	5	13	1
REG-75	NAquitaine	2020-03-17	22	5999982	2020-03-04	13	1	1	0	0.032358432	1	5	13	1
REG-75	NAquitaine	2020-03-18	37	5999982	2020-03-04	14	1	2	0	0.032358432	1	5	13	1
REG-75	NAquitaine	2020-03-19	43	5999982	2020-03-04	15	1	3	0	0.032358432	1	5	13	1
REG-75	NAquitaine	2020-03-20	152	5999982	2020-03-04	16	1	4	0	0.032358432	1	5	13	1
REG-75	NAquitaine	2020-03-21	89	5999982	2020-03-04	17	1	5	0	0.032358432	1	5	13	1
REG-75	NAquitaine	2020-03-22	91	5999982	2020-03-04	18	1	6	0	0.032358432	1	5	13	1
REG-75	NAquitaine	2020-03-23	64	5999982	2020-03-04	19	1	7	0	0.032358432	1	5	13	1
REG-75	NAquitaine	2020-03-24	113	5999982	2020-03-04	20	1	8	0	0.032358432	1	5	13	1
REG-75	NAquitaine	2020-03-04	0	5999982	2020-03-04	0	0	0	0	0.032358432	1	5	13	2
REG-75	NAquitaine	2020-03-05	3	5999982	2020-03-04	1	0	0	0	0.032358432	1	5	13	2
REG-75	NAquitaine	2020-03-06	1	5999982	2020-03-04	2	0	0	0	0.032358432	1	5	13	2
REG-75	NAquitaine	2020-03-07	1	5999982	2020-03-04	3	0	0	0	0.032358432	1	5	13	2
REG-75	NAquitaine	2020-03-08	1	5999982	2020-03-04	4	0	0	0	0.032358432	1	5	13	2
REG-75	NAquitaine	2020-03-09	3	5999982	2020-03-04	5	0	0	0	0.032358432	1	5	13	2
REG-75	NAquitaine	2020-03-10	1	5999982	2020-03-04	6	0	0	0	0.032358432	1	5	13	2
REG-75	NAquitaine	2020-03-11	6	5999982	2020-03-04	7	0	0	0	0.032358432	1	5	13	2
REG-75	NAquitaine	2020-03-12	0	5999982	2020-03-04	8	0	0	0	0.032358432	1	5	13	2
REG-75	NAquitaine	2020-03-13	5	5999982	2020-03-04	9	0	0	0	0.032358432	1	5	13	2
REG-75	NAquitaine	2020-03-14	12	5999982	2020-03-04	10	0	0	0	0.032358432	1	5	13	2
REG-75	NAquitaine	2020-03-15	16	5999982	2020-03-04	11	0	0	0	0.032358432	1	5	13	2
REG-75	NAquitaine	2020-03-16	11	5999982	2020-03-04	12	0	0	0	0.032358432	1	5	13	2
REG-75	NAquitaine	2020-03-17	15	5999982	2020-03-04	13	1	1	0	0.032358432	1	5	13	2
REG-75	NAquitaine	2020-03-18	26	5999982	2020-03-04	14	1	2	0	0.032358432	1	5	13	2
REG-75	NAquitaine	2020-03-19	31	5999982	2020-03-04	15	1	3	0	0.032358432	1	5	13	2
REG-75	NAquitaine	2020-03-20	50	5999982	2020-03-04	16	1	4	0	0.032358432	1	5	13	2
REG-75	NAquitaine	2020-03-21	41	5999982	2020-03-04	17	1	5	0	0.032358432	1	5	13	2
REG-75	NAquitaine	2020-03-22	47	5999982	2020-03-04	18	1	6	0	0.032358432	1	5	13	2
REG-75	NAquitaine	2020-03-23	65	5999982	2020-03-04	19	1	7	0	0.032358432	1	5	13	2
REG-75	NAquitaine	2020-03-24	86	5999982	2020-03-04	20	1	8	0	0.032358432	1	5	13	2
REG-75	NAquitaine	2020-03-25	96	5999982	2020-03-04	21	1	9	0	0.032358432	1	5	13	2
REG-75	NAquitaine	2020-03-26	88	5999982	2020-03-04	22	1	10	0	0.032358432	1	5	13	2
REG-75	NAquitaine	2020-03-27	105	5999982	2020-03-04	23	1	11	0	0.032358432	1	5	13	2
REG-75	NAquitaine	2020-03-28	90	5999982	2020-03-04	24	1	12	0	0.032358432	1	5	13	2
REG-75	NAquitaine	2020-03-29	81	5999982	2020-03-04	25	1	13	0	0.032358432	1	5	13	2
REG-75	NAquitaine	2020-03-30	86	5999982	2020-03-04	26	1	14	0	0.032358432	1	5	13	2
REG-75	NAquitaine	2020-03-31	78	5999982	2020-03-04	27	1	15	0	0.032358432	1	5	13	2
REG-75	NAquitaine	2020-04-01	94	5999982	2020-03-04	28	1	16	0	0.032358432	1	5	13	2
REG-75	NAquitaine	2020-04-02	70	5999982	2020-03-04	29	1	17	0	0.032358432	1	5	13	2
REG-75	NAquitaine	2020-04-03	76	5999982	2020-03-04	30	1	18	0	0.032358432	1	5	13	2
REG-75	NAquitaine	2020-04-04	76	5999982	2020-03-04	31	1	19	0	0.032358432	1	5	13	2
REG-75	NAquitaine	2020-04-05	42	5999982	2020-03-04	32	1	20	0	0.032358432	1	5	13	2
REG-75	NAquitaine	2020-04-06	46	5999982	2020-03-04	33	1	21	0	0.032358432	1	5	13	2
REG-75	NAquitaine	2020-04-07	78	5999982	2020-03-04	34	1	22	0	0.032358432	1	5	13	2
REG-75	NAquitaine	2020-04-08	50	5999982	2020-03-04	35	1	23	0	0.032358432	1	5	13	2
REG-75	NAquitaine	2020-04-09	67	5999982	2020-03-04	36	1	24	0	0.032358432	1	5	13	2
REG-75	NAquitaine	2020-04-10	109	5999982	2020-03-04	37	1	25	0	0.032358432	1	5	13	2
REG-75	NAquitaine	2020-04-11	41	5999982	2020-03-04	38	1	26	0	0.032358432	1	5	13	2
REG-75	NAquitaine	2020-04-12	33	5999982	2020-03-04	39	1	27	0	0.032358432	1	5	13	2
REG-75	NAquitaine	2020-04-13	39	5999982	2020-03-04	40	1	28	0	0.032358432	1	5	13	2
REG-75	NAquitaine	2020-04-14	32	5999982	2020-03-04	41	1	29	0	0.032358432	1	5	13	2
REG-75	NAquitaine	2020-04-15	40	5999982	2020-03-04	42	1	30	0	0.032358432	1	5	13	2
REG-75	NAquitaine	2020-04-16	46	5999982	2020-03-04	43	1	31	0	0.032358432	1	5	13	2
REG-75	NAquitaine	2020-04-17	45	5999982	2020-03-04	44	1	32	0	0.032358432	1	5	13	2
REG-75	NAquitaine	2020-04-18	41	5999982	2020-03-04	45	1	33	0	0.032358432	1	5	13	2
REG-75	NAquitaine	2020-04-19	34	5999982	2020-03-04	46	1	34	0	0.032358432	1	5	13	2
REG-75	NAquitaine	2020-04-20	43	5999982	2020-03-04	47	1	35	0	0.032358432	1	5	13	2
REG-75	NAquitaine	2020-04-21	21	5999982	2020-03-04	48	1	36	0	0.032358432	1	5	13	2
REG-75	NAquitaine	2020-04-22	28	5999982	2020-03-04	49	1	37	0	0.032358432	1	5	13	2
REG-75	NAquitaine	2020-04-23	27	5999982	2020-03-04	50	1	38	0	0.032358432	1	5	13	2
REG-75	NAquitaine	2020-04-24	27	5999982	2020-03-04	51	1	39	0	0.032358432	1	5	13	2
REG-75	NAquitaine	2020-04-25	11	5999982	2020-03-04	52	1	40	0	0.032358432	1	5	13	2
REG-75	NAquitaine	2020-04-26	23	5999982	2020-03-04	53	1	41	0	0.032358432	1	5	13	2
REG-75	NAquitaine	2020-04-27	13	5999982	2020-03-04	54	1	42	0	0.032358432	1	5	13	2
REG-75	NAquitaine	2020-04-28	24	5999982	2020-03-04	55	1	43	0	0.032358432	1	5	13	2
REG-75	NAquitaine	2020-04-29	15	5999982	2020-03-04	56	1	44	0	0.032358432	1	5	13	2
REG-75	NAquitaine	2020-04-30	9	5999982	2020-03-04	57	1	45	0	0.032358432	1	5	13	2
REG-75	NAquitaine	2020-05-01	12	5999982	2020-03-04	58	1	46	0	0.032358432	1	5	13	2
REG-75	NAquitaine	2020-05-02	9	5999982	2020-03-04	59	1	47	0	0.032358432	1	5	13	2
REG-75	NAquitaine	2020-05-03	10	5999982	2020-03-04	60	1	48	0	0.032358432	1	5	13	2
REG-75	NAquitaine	2020-05-04	13	5999982	2020-03-04	61	1	49	0	0.032358432	1	5	13	2
REG-75	NAquitaine	2020-05-05	13	5999982	2020-03-04	62	1	50	0	0.032358432	1	5	13	2
REG-75	NAquitaine	2020-05-06	13	5999982	2020-03-04	63	1	51	0	0.032358432	1	5	13	2
REG-75	NAquitaine	2020-05-07	8	5999982	2020-03-04	64	1	52	0	0.032358432	1	5	13	2
REG-75	NAquitaine	2020-05-08	4	5999982	2020-03-04	65	1	53	0	0.032358432	1	5	13	2
REG-75	NAquitaine	2020-05-09	9	5999982	2020-03-04	66	1	54	0	0.032358432	1	5	13	2
REG-75	NAquitaine	2020-05-10	9	5999982	2020-03-04	67	1	55	0	0.032358432	1	5	13	2
REG-75	NAquitaine	2020-05-11	6	5999982	2020-03-04	68	0	56	1	0.032358432	1	5	13	2
REG-76	Occitanie	2020-03-02	5	5924858	2020-03-02	0	0	0	0	0.026243179	4	7	15	1
REG-76	Occitanie	2020-03-03	1	5924858	2020-03-02	1	0	0	0	0.026243179	4	7	15	1
REG-76	Occitanie	2020-03-04	2	5924858	2020-03-02	2	0	0	0	0.026243179	4	7	15	1
REG-76	Occitanie	2020-03-05	2	5924858	2020-03-02	3	0	0	0	0.026243179	4	7	15	1
REG-76	Occitanie	2020-03-06	7	5924858	2020-03-02	4	0	0	0	0.026243179	4	7	15	1
REG-76	Occitanie	2020-03-07	18	5924858	2020-03-02	5	0	0	0	0.026243179	4	7	15	1
REG-76	Occitanie	2020-03-08	0	5924858	2020-03-02	6	0	0	0	0.026243179	4	7	15	1
REG-76	Occitanie	2020-03-09	0	5924858	2020-03-02	7	0	0	0	0.026243179	4	7	15	1
REG-76	Occitanie	2020-03-10	25	5924858	2020-03-02	8	0	0	0	0.026243179	4	7	15	1
REG-76	Occitanie	2020-03-11	26	5924858	2020-03-02	9	0	0	0	0.026243179	4	7	15	1
REG-76	Occitanie	2020-03-12	46	5924858	2020-03-02	10	0	0	0	0.026243179	4	7	15	1
REG-76	Occitanie	2020-03-13	39	5924858	2020-03-02	11	0	0	0	0.026243179	4	7	15	1
REG-76	Occitanie	2020-03-14	42	5924858	2020-03-02	12	0	0	0	0.026243179	4	7	15	1
REG-76	Occitanie	2020-03-15	29	5924858	2020-03-02	13	0	0	0	0.026243179	4	7	15	1
REG-76	Occitanie	2020-03-16	19	5924858	2020-03-02	14	0	0	0	0.026243179	4	7	15	1
REG-76	Occitanie	2020-03-17	49	5924858	2020-03-02	15	1	1	0	0.026243179	4	7	15	1
REG-76	Occitanie	2020-03-18	60	5924858	2020-03-02	16	1	2	0	0.026243179	4	7	15	1
REG-76	Occitanie	2020-03-19	73	5924858	2020-03-02	17	1	3	0	0.026243179	4	7	15	1
REG-76	Occitanie	2020-03-20	93	5924858	2020-03-02	18	1	4	0	0.026243179	4	7	15	1
REG-76	Occitanie	2020-03-21	74	5924858	2020-03-02	19	1	5	0	0.026243179	4	7	15	1
REG-76	Occitanie	2020-03-22	60	5924858	2020-03-02	20	1	6	0	0.026243179	4	7	15	1
REG-76	Occitanie	2020-03-23	96	5924858	2020-03-02	21	1	7	0	0.026243179	4	7	15	1
REG-76	Occitanie	2020-03-24	133	5924858	2020-03-02	22	1	8	0	0.026243179	4	7	15	1
REG-76	Occitanie	2020-03-02	4	5924858	2020-03-02	0	0	0	0	0.026243179	4	7	15	2
REG-76	Occitanie	2020-03-03	1	5924858	2020-03-02	1	0	0	0	0.026243179	4	7	15	2
REG-76	Occitanie	2020-03-04	4	5924858	2020-03-02	2	0	0	0	0.026243179	4	7	15	2
REG-76	Occitanie	2020-03-05	1	5924858	2020-03-02	3	0	0	0	0.026243179	4	7	15	2
REG-76	Occitanie	2020-03-06	4	5924858	2020-03-02	4	0	0	0	0.026243179	4	7	15	2
REG-76	Occitanie	2020-03-07	6	5924858	2020-03-02	5	0	0	0	0.026243179	4	7	15	2
REG-76	Occitanie	2020-03-08	1	5924858	2020-03-02	6	0	0	0	0.026243179	4	7	15	2
REG-76	Occitanie	2020-03-09	9	5924858	2020-03-02	7	0	0	0	0.026243179	4	7	15	2
REG-76	Occitanie	2020-03-10	7	5924858	2020-03-02	8	0	0	0	0.026243179	4	7	15	2
REG-76	Occitanie	2020-03-11	11	5924858	2020-03-02	9	0	0	0	0.026243179	4	7	15	2
REG-76	Occitanie	2020-03-12	11	5924858	2020-03-02	10	0	0	0	0.026243179	4	7	15	2
REG-76	Occitanie	2020-03-13	20	5924858	2020-03-02	11	0	0	0	0.026243179	4	7	15	2
REG-76	Occitanie	2020-03-14	17	5924858	2020-03-02	12	0	0	0	0.026243179	4	7	15	2
REG-76	Occitanie	2020-03-15	17	5924858	2020-03-02	13	0	0	0	0.026243179	4	7	15	2
REG-76	Occitanie	2020-03-16	37	5924858	2020-03-02	14	0	0	0	0.026243179	4	7	15	2
REG-76	Occitanie	2020-03-17	34	5924858	2020-03-02	15	1	1	0	0.026243179	4	7	15	2
REG-76	Occitanie	2020-03-18	44	5924858	2020-03-02	16	1	2	0	0.026243179	4	7	15	2
REG-76	Occitanie	2020-03-19	67	5924858	2020-03-02	17	1	3	0	0.026243179	4	7	15	2
REG-76	Occitanie	2020-03-20	62	5924858	2020-03-02	18	1	4	0	0.026243179	4	7	15	2
REG-76	Occitanie	2020-03-21	59	5924858	2020-03-02	19	1	5	0	0.026243179	4	7	15	2
REG-76	Occitanie	2020-03-22	61	5924858	2020-03-02	20	1	6	0	0.026243179	4	7	15	2
REG-76	Occitanie	2020-03-23	122	5924858	2020-03-02	21	1	7	0	0.026243179	4	7	15	2
REG-76	Occitanie	2020-03-24	125	5924858	2020-03-02	22	1	8	0	0.026243179	4	7	15	2
REG-76	Occitanie	2020-03-25	110	5924858	2020-03-02	23	1	9	0	0.026243179	4	7	15	2
REG-76	Occitanie	2020-03-26	129	5924858	2020-03-02	24	1	10	0	0.026243179	4	7	15	2
REG-76	Occitanie	2020-03-27	137	5924858	2020-03-02	25	1	11	0	0.026243179	4	7	15	2
REG-76	Occitanie	2020-03-28	121	5924858	2020-03-02	26	1	12	0	0.026243179	4	7	15	2
REG-76	Occitanie	2020-03-29	86	5924858	2020-03-02	27	1	13	0	0.026243179	4	7	15	2
REG-76	Occitanie	2020-03-30	137	5924858	2020-03-02	28	1	14	0	0.026243179	4	7	15	2
REG-76	Occitanie	2020-03-31	111	5924858	2020-03-02	29	1	15	0	0.026243179	4	7	15	2
REG-76	Occitanie	2020-04-01	117	5924858	2020-03-02	30	1	16	0	0.026243179	4	7	15	2
REG-76	Occitanie	2020-04-02	102	5924858	2020-03-02	31	1	17	0	0.026243179	4	7	15	2
REG-76	Occitanie	2020-04-03	80	5924858	2020-03-02	32	1	18	0	0.026243179	4	7	15	2
REG-76	Occitanie	2020-04-04	75	5924858	2020-03-02	33	1	19	0	0.026243179	4	7	15	2
REG-76	Occitanie	2020-04-05	46	5924858	2020-03-02	34	1	20	0	0.026243179	4	7	15	2
REG-76	Occitanie	2020-04-06	98	5924858	2020-03-02	35	1	21	0	0.026243179	4	7	15	2
REG-76	Occitanie	2020-04-07	54	5924858	2020-03-02	36	1	22	0	0.026243179	4	7	15	2
REG-76	Occitanie	2020-04-08	60	5924858	2020-03-02	37	1	23	0	0.026243179	4	7	15	2
REG-76	Occitanie	2020-04-09	71	5924858	2020-03-02	38	1	24	0	0.026243179	4	7	15	2
REG-76	Occitanie	2020-04-10	71	5924858	2020-03-02	39	1	25	0	0.026243179	4	7	15	2
REG-76	Occitanie	2020-04-11	50	5924858	2020-03-02	40	1	26	0	0.026243179	4	7	15	2
REG-76	Occitanie	2020-04-12	55	5924858	2020-03-02	41	1	27	0	0.026243179	4	7	15	2
REG-76	Occitanie	2020-04-13	43	5924858	2020-03-02	42	1	28	0	0.026243179	4	7	15	2
REG-76	Occitanie	2020-04-14	43	5924858	2020-03-02	43	1	29	0	0.026243179	4	7	15	2
REG-76	Occitanie	2020-04-15	47	5924858	2020-03-02	44	1	30	0	0.026243179	4	7	15	2
REG-76	Occitanie	2020-04-16	47	5924858	2020-03-02	45	1	31	0	0.026243179	4	7	15	2
REG-76	Occitanie	2020-04-17	81	5924858	2020-03-02	46	1	32	0	0.026243179	4	7	15	2
REG-76	Occitanie	2020-04-18	31	5924858	2020-03-02	47	1	33	0	0.026243179	4	7	15	2
REG-76	Occitanie	2020-04-19	31	5924858	2020-03-02	48	1	34	0	0.026243179	4	7	15	2
REG-76	Occitanie	2020-04-20	28	5924858	2020-03-02	49	1	35	0	0.026243179	4	7	15	2
REG-76	Occitanie	2020-04-21	30	5924858	2020-03-02	50	1	36	0	0.026243179	4	7	15	2
REG-76	Occitanie	2020-04-22	34	5924858	2020-03-02	51	1	37	0	0.026243179	4	7	15	2
REG-76	Occitanie	2020-04-23	26	5924858	2020-03-02	52	1	38	0	0.026243179	4	7	15	2
REG-76	Occitanie	2020-04-24	33	5924858	2020-03-02	53	1	39	0	0.026243179	4	7	15	2
REG-76	Occitanie	2020-04-25	13	5924858	2020-03-02	54	1	40	0	0.026243179	4	7	15	2
REG-76	Occitanie	2020-04-26	22	5924858	2020-03-02	55	1	41	0	0.026243179	4	7	15	2
REG-76	Occitanie	2020-04-27	29	5924858	2020-03-02	56	1	42	0	0.026243179	4	7	15	2
REG-76	Occitanie	2020-04-28	17	5924858	2020-03-02	57	1	43	0	0.026243179	4	7	15	2
REG-76	Occitanie	2020-04-29	14	5924858	2020-03-02	58	1	44	0	0.026243179	4	7	15	2
REG-76	Occitanie	2020-04-30	27	5924858	2020-03-02	59	1	45	0	0.026243179	4	7	15	2
REG-76	Occitanie	2020-05-01	11	5924858	2020-03-02	60	1	46	0	0.026243179	4	7	15	2
REG-76	Occitanie	2020-05-02	16	5924858	2020-03-02	61	1	47	0	0.026243179	4	7	15	2
REG-76	Occitanie	2020-05-03	4	5924858	2020-03-02	62	1	48	0	0.026243179	4	7	15	2
REG-76	Occitanie	2020-05-04	7	5924858	2020-03-02	63	1	49	0	0.026243179	4	7	15	2
REG-76	Occitanie	2020-05-05	14	5924858	2020-03-02	64	1	50	0	0.026243179	4	7	15	2
REG-76	Occitanie	2020-05-06	25	5924858	2020-03-02	65	1	51	0	0.026243179	4	7	15	2
REG-76	Occitanie	2020-05-07	14	5924858	2020-03-02	66	1	52	0	0.026243179	4	7	15	2
REG-76	Occitanie	2020-05-08	14	5924858	2020-03-02	67	1	53	0	0.026243179	4	7	15	2
REG-76	Occitanie	2020-05-09	9	5924858	2020-03-02	68	1	54	0	0.026243179	4	7	15	2
REG-76	Occitanie	2020-05-10	14	5924858	2020-03-02	69	1	55	0	0.026243179	4	7	15	2
REG-76	Occitanie	2020-05-11	13	5924858	2020-03-02	70	0	56	1	0.026243179	4	7	15	2
REG-84	AURA	2020-03-02	26	8032377	2020-03-02	0	0	0	0	0.025958432	11	9	15	1
REG-84	AURA	2020-03-03	3	8032377	2020-03-02	1	0	0	0	0.025958432	11	9	15	1
REG-84	AURA	2020-03-04	9	8032377	2020-03-02	2	0	0	0	0.025958432	11	9	15	1
REG-84	AURA	2020-03-05	15	8032377	2020-03-02	3	0	0	0	0.025958432	11	9	15	1
REG-84	AURA	2020-03-06	11	8032377	2020-03-02	4	0	0	0	0.025958432	11	9	15	1
REG-84	AURA	2020-03-07	27	8032377	2020-03-02	5	0	0	0	0.025958432	11	9	15	1
REG-84	AURA	2020-03-08	0	8032377	2020-03-02	6	0	0	0	0.025958432	11	9	15	1
REG-84	AURA	2020-03-09	0	8032377	2020-03-02	7	0	0	0	0.025958432	11	9	15	1
REG-84	AURA	2020-03-10	109	8032377	2020-03-02	8	0	0	0	0.025958432	11	9	15	1
REG-84	AURA	2020-03-11	53	8032377	2020-03-02	9	0	0	0	0.025958432	11	9	15	1
REG-84	AURA	2020-03-12	65	8032377	2020-03-02	10	0	0	0	0.025958432	11	9	15	1
REG-84	AURA	2020-03-13	87	8032377	2020-03-02	11	0	0	0	0.025958432	11	9	15	1
REG-84	AURA	2020-03-14	38	8032377	2020-03-02	12	0	0	0	0.025958432	11	9	15	1
REG-84	AURA	2020-03-15	69	8032377	2020-03-02	13	0	0	0	0.025958432	11	9	15	1
REG-84	AURA	2020-03-16	95	8032377	2020-03-02	14	0	0	0	0.025958432	11	9	15	1
REG-84	AURA	2020-03-17	92	8032377	2020-03-02	15	1	1	0	0.025958432	11	9	15	1
REG-84	AURA	2020-03-18	148	8032377	2020-03-02	16	1	2	0	0.025958432	11	9	15	1
REG-84	AURA	2020-03-19	156	8032377	2020-03-02	17	1	3	0	0.025958432	11	9	15	1
REG-84	AURA	2020-03-20	87	8032377	2020-03-02	18	1	4	0	0.025958432	11	9	15	1
REG-84	AURA	2020-03-21	165	8032377	2020-03-02	19	1	5	0	0.025958432	11	9	15	1
REG-84	AURA	2020-03-22	165	8032377	2020-03-02	20	1	6	0	0.025958432	11	9	15	1
REG-84	AURA	2020-03-23	299	8032377	2020-03-02	21	1	7	0	0.025958432	11	9	15	1
REG-84	AURA	2020-03-24	127	8032377	2020-03-02	22	1	8	0	0.025958432	11	9	15	1
REG-84	AURA	2020-03-02	15	8032377	2020-03-02	0	0	0	0	0.025958432	11	9	15	2
REG-84	AURA	2020-03-03	7	8032377	2020-03-02	1	0	0	0	0.025958432	11	9	15	2
REG-84	AURA	2020-03-04	9	8032377	2020-03-02	2	0	0	0	0.025958432	11	9	15	2
REG-84	AURA	2020-03-05	18	8032377	2020-03-02	3	0	0	0	0.025958432	11	9	15	2
REG-84	AURA	2020-03-06	15	8032377	2020-03-02	4	0	0	0	0.025958432	11	9	15	2
REG-84	AURA	2020-03-07	9	8032377	2020-03-02	5	0	0	0	0.025958432	11	9	15	2
REG-84	AURA	2020-03-08	7	8032377	2020-03-02	6	0	0	0	0.025958432	11	9	15	2
REG-84	AURA	2020-03-09	15	8032377	2020-03-02	7	0	0	0	0.025958432	11	9	15	2
REG-84	AURA	2020-03-10	21	8032377	2020-03-02	8	0	0	0	0.025958432	11	9	15	2
REG-84	AURA	2020-03-11	33	8032377	2020-03-02	9	0	0	0	0.025958432	11	9	15	2
REG-84	AURA	2020-03-12	30	8032377	2020-03-02	10	0	0	0	0.025958432	11	9	15	2
REG-84	AURA	2020-03-13	50	8032377	2020-03-02	11	0	0	0	0.025958432	11	9	15	2
REG-84	AURA	2020-03-14	26	8032377	2020-03-02	12	0	0	0	0.025958432	11	9	15	2
REG-84	AURA	2020-03-15	44	8032377	2020-03-02	13	0	0	0	0.025958432	11	9	15	2
REG-84	AURA	2020-03-16	100	8032377	2020-03-02	14	0	0	0	0.025958432	11	9	15	2
REG-84	AURA	2020-03-17	91	8032377	2020-03-02	15	1	1	0	0.025958432	11	9	15	2
REG-84	AURA	2020-03-18	182	8032377	2020-03-02	16	1	2	0	0.025958432	11	9	15	2
REG-84	AURA	2020-03-19	146	8032377	2020-03-02	17	1	3	0	0.025958432	11	9	15	2
REG-84	AURA	2020-03-20	185	8032377	2020-03-02	18	1	4	0	0.025958432	11	9	15	2
REG-84	AURA	2020-03-21	151	8032377	2020-03-02	19	1	5	0	0.025958432	11	9	15	2
REG-84	AURA	2020-03-22	184	8032377	2020-03-02	20	1	6	0	0.025958432	11	9	15	2
REG-84	AURA	2020-03-23	251	8032377	2020-03-02	21	1	7	0	0.025958432	11	9	15	2
REG-84	AURA	2020-03-24	266	8032377	2020-03-02	22	1	8	0	0.025958432	11	9	15	2
REG-84	AURA	2020-03-25	322	8032377	2020-03-02	23	1	9	0	0.025958432	11	9	15	2
REG-84	AURA	2020-03-26	368	8032377	2020-03-02	24	1	10	0	0.025958432	11	9	15	2
REG-84	AURA	2020-03-27	405	8032377	2020-03-02	25	1	11	0	0.025958432	11	9	15	2
REG-84	AURA	2020-03-28	270	8032377	2020-03-02	26	1	12	0	0.025958432	11	9	15	2
REG-84	AURA	2020-03-29	272	8032377	2020-03-02	27	1	13	0	0.025958432	11	9	15	2
REG-84	AURA	2020-03-30	354	8032377	2020-03-02	28	1	14	0	0.025958432	11	9	15	2
REG-84	AURA	2020-03-31	319	8032377	2020-03-02	29	1	15	0	0.025958432	11	9	15	2
REG-84	AURA	2020-04-01	248	8032377	2020-03-02	30	1	16	0	0.025958432	11	9	15	2
REG-84	AURA	2020-04-02	290	8032377	2020-03-02	31	1	17	0	0.025958432	11	9	15	2
REG-84	AURA	2020-04-03	264	8032377	2020-03-02	32	1	18	0	0.025958432	11	9	15	2
REG-84	AURA	2020-04-04	207	8032377	2020-03-02	33	1	19	0	0.025958432	11	9	15	2
REG-84	AURA	2020-04-05	166	8032377	2020-03-02	34	1	20	0	0.025958432	11	9	15	2
REG-84	AURA	2020-04-06	240	8032377	2020-03-02	35	1	21	0	0.025958432	11	9	15	2
REG-84	AURA	2020-04-07	208	8032377	2020-03-02	36	1	22	0	0.025958432	11	9	15	2
REG-84	AURA	2020-04-08	188	8032377	2020-03-02	37	1	23	0	0.025958432	11	9	15	2
REG-84	AURA	2020-04-09	219	8032377	2020-03-02	38	1	24	0	0.025958432	11	9	15	2
REG-84	AURA	2020-04-10	211	8032377	2020-03-02	39	1	25	0	0.025958432	11	9	15	2
REG-84	AURA	2020-04-11	120	8032377	2020-03-02	40	1	26	0	0.025958432	11	9	15	2
REG-84	AURA	2020-04-12	99	8032377	2020-03-02	41	1	27	0	0.025958432	11	9	15	2
REG-84	AURA	2020-04-13	121	8032377	2020-03-02	42	1	28	0	0.025958432	11	9	15	2
REG-84	AURA	2020-04-14	185	8032377	2020-03-02	43	1	29	0	0.025958432	11	9	15	2
REG-84	AURA	2020-04-15	193	8032377	2020-03-02	44	1	30	0	0.025958432	11	9	15	2
REG-84	AURA	2020-04-16	155	8032377	2020-03-02	45	1	31	0	0.025958432	11	9	15	2
REG-84	AURA	2020-04-17	159	8032377	2020-03-02	46	1	32	0	0.025958432	11	9	15	2
REG-84	AURA	2020-04-18	96	8032377	2020-03-02	47	1	33	0	0.025958432	11	9	15	2
REG-84	AURA	2020-04-19	64	8032377	2020-03-02	48	1	34	0	0.025958432	11	9	15	2
REG-84	AURA	2020-04-20	138	8032377	2020-03-02	49	1	35	0	0.025958432	11	9	15	2
REG-84	AURA	2020-04-21	122	8032377	2020-03-02	50	1	36	0	0.025958432	11	9	15	2
REG-84	AURA	2020-04-22	106	8032377	2020-03-02	51	1	37	0	0.025958432	11	9	15	2
REG-84	AURA	2020-04-23	114	8032377	2020-03-02	52	1	38	0	0.025958432	11	9	15	2
REG-84	AURA	2020-04-24	104	8032377	2020-03-02	53	1	39	0	0.025958432	11	9	15	2
REG-84	AURA	2020-04-25	56	8032377	2020-03-02	54	1	40	0	0.025958432	11	9	15	2
REG-84	AURA	2020-04-26	48	8032377	2020-03-02	55	1	41	0	0.025958432	11	9	15	2
REG-84	AURA	2020-04-27	78	8032377	2020-03-02	56	1	42	0	0.025958432	11	9	15	2
REG-84	AURA	2020-04-28	99	8032377	2020-03-02	57	1	43	0	0.025958432	11	9	15	2
REG-84	AURA	2020-04-29	65	8032377	2020-03-02	58	1	44	0	0.025958432	11	9	15	2
REG-84	AURA	2020-04-30	91	8032377	2020-03-02	59	1	45	0	0.025958432	11	9	15	2
REG-84	AURA	2020-05-01	55	8032377	2020-03-02	60	1	46	0	0.025958432	11	9	15	2
REG-84	AURA	2020-05-02	43	8032377	2020-03-02	61	1	47	0	0.025958432	11	9	15	2
REG-84	AURA	2020-05-03	43	8032377	2020-03-02	62	1	48	0	0.025958432	11	9	15	2
REG-84	AURA	2020-05-04	49	8032377	2020-03-02	63	1	49	0	0.025958432	11	9	15	2
REG-84	AURA	2020-05-05	50	8032377	2020-03-02	64	1	50	0	0.025958432	11	9	15	2
REG-84	AURA	2020-05-06	40	8032377	2020-03-02	65	1	51	0	0.025958432	11	9	15	2
REG-84	AURA	2020-05-07	57	8032377	2020-03-02	66	1	52	0	0.025958432	11	9	15	2
REG-84	AURA	2020-05-08	21	8032377	2020-03-02	67	1	53	0	0.025958432	11	9	15	2
REG-84	AURA	2020-05-09	25	8032377	2020-03-02	68	1	54	0	0.025958432	11	9	15	2
REG-84	AURA	2020-05-10	28	8032377	2020-03-02	69	1	55	0	0.025958432	11	9	15	2
REG-84	AURA	2020-05-11	42	8032377	2020-03-02	70	0	56	1	0.025958432	11	9	15	2
REG-93	PACA	2020-03-02	9	5055651	2020-03-02	0	0	0	0	0.053534731	4	12	15	1
REG-93	PACA	2020-03-03	1	5055651	2020-03-02	1	0	0	0	0.053534731	4	12	15	1
REG-93	PACA	2020-03-04	3	5055651	2020-03-02	2	0	0	0	0.053534731	4	12	15	1
REG-93	PACA	2020-03-05	5	5055651	2020-03-02	3	0	0	0	0.053534731	4	12	15	1
REG-93	PACA	2020-03-06	8	5055651	2020-03-02	4	0	0	0	0.053534731	4	12	15	1
REG-93	PACA	2020-03-07	12	5055651	2020-03-02	5	0	0	0	0.053534731	4	12	15	1
REG-93	PACA	2020-03-08	0	5055651	2020-03-02	6	0	0	0	0.053534731	4	12	15	1
REG-93	PACA	2020-03-09	0	5055651	2020-03-02	7	0	0	0	0.053534731	4	12	15	1
REG-93	PACA	2020-03-10	51	5055651	2020-03-02	8	0	0	0	0.053534731	4	12	15	1
REG-93	PACA	2020-03-11	22	5055651	2020-03-02	9	0	0	0	0.053534731	4	12	15	1
REG-93	PACA	2020-03-12	36	5055651	2020-03-02	10	0	0	0	0.053534731	4	12	15	1
REG-93	PACA	2020-03-13	65	5055651	2020-03-02	11	0	0	0	0.053534731	4	12	15	1
REG-93	PACA	2020-03-14	69	5055651	2020-03-02	12	0	0	0	0.053534731	4	12	15	1
REG-93	PACA	2020-03-15	49	5055651	2020-03-02	13	0	0	0	0.053534731	4	12	15	1
REG-93	PACA	2020-03-16	75	5055651	2020-03-02	14	0	0	0	0.053534731	4	12	15	1
REG-93	PACA	2020-03-17	73	5055651	2020-03-02	15	1	1	0	0.053534731	4	12	15	1
REG-93	PACA	2020-03-18	96	5055651	2020-03-02	16	1	2	0	0.053534731	4	12	15	1
REG-93	PACA	2020-03-19	119	5055651	2020-03-02	17	1	3	0	0.053534731	4	12	15	1
REG-93	PACA	2020-03-20	133	5055651	2020-03-02	18	1	4	0	0.053534731	4	12	15	1
REG-93	PACA	2020-03-21	215	5055651	2020-03-02	19	1	5	0	0.053534731	4	12	15	1
REG-93	PACA	2020-03-22	331	5055651	2020-03-02	20	1	6	0	0.053534731	4	12	15	1
REG-93	PACA	2020-03-23	138	5055651	2020-03-02	21	1	7	0	0.053534731	4	12	15	1
REG-93	PACA	2020-03-24	85	5055651	2020-03-02	22	1	8	0	0.053534731	4	12	15	1
REG-93	PACA	2020-03-02	4	5055651	2020-03-02	0	0	0	0	0.053534731	4	12	15	2
REG-93	PACA	2020-03-03	6	5055651	2020-03-02	1	0	0	0	0.053534731	4	12	15	2
REG-93	PACA	2020-03-04	7	5055651	2020-03-02	2	0	0	0	0.053534731	4	12	15	2
REG-93	PACA	2020-03-05	7	5055651	2020-03-02	3	0	0	0	0.053534731	4	12	15	2
REG-93	PACA	2020-03-06	3	5055651	2020-03-02	4	0	0	0	0.053534731	4	12	15	2
REG-93	PACA	2020-03-07	14	5055651	2020-03-02	5	0	0	0	0.053534731	4	12	15	2
REG-93	PACA	2020-03-08	17	5055651	2020-03-02	6	0	0	0	0.053534731	4	12	15	2
REG-93	PACA	2020-03-09	19	5055651	2020-03-02	7	0	0	0	0.053534731	4	12	15	2
REG-93	PACA	2020-03-10	16	5055651	2020-03-02	8	0	0	0	0.053534731	4	12	15	2
REG-93	PACA	2020-03-11	26	5055651	2020-03-02	9	0	0	0	0.053534731	4	12	15	2
REG-93	PACA	2020-03-12	37	5055651	2020-03-02	10	0	0	0	0.053534731	4	12	15	2
REG-93	PACA	2020-03-13	42	5055651	2020-03-02	11	0	0	0	0.053534731	4	12	15	2
REG-93	PACA	2020-03-14	34	5055651	2020-03-02	12	0	0	0	0.053534731	4	12	15	2
REG-93	PACA	2020-03-15	32	5055651	2020-03-02	13	0	0	0	0.053534731	4	12	15	2
REG-93	PACA	2020-03-16	39	5055651	2020-03-02	14	0	0	0	0.053534731	4	12	15	2
REG-93	PACA	2020-03-17	64	5055651	2020-03-02	15	1	1	0	0.053534731	4	12	15	2
REG-93	PACA	2020-03-18	71	5055651	2020-03-02	16	1	2	0	0.053534731	4	12	15	2
REG-93	PACA	2020-03-19	93	5055651	2020-03-02	17	1	3	0	0.053534731	4	12	15	2
REG-93	PACA	2020-03-20	95	5055651	2020-03-02	18	1	4	0	0.053534731	4	12	15	2
REG-93	PACA	2020-03-21	88	5055651	2020-03-02	19	1	5	0	0.053534731	4	12	15	2
REG-93	PACA	2020-03-22	81	5055651	2020-03-02	20	1	6	0	0.053534731	4	12	15	2
REG-93	PACA	2020-03-23	169	5055651	2020-03-02	21	1	7	0	0.053534731	4	12	15	2
REG-93	PACA	2020-03-24	138	5055651	2020-03-02	22	1	8	0	0.053534731	4	12	15	2
REG-93	PACA	2020-03-25	162	5055651	2020-03-02	23	1	9	0	0.053534731	4	12	15	2
REG-93	PACA	2020-03-26	187	5055651	2020-03-02	24	1	10	0	0.053534731	4	12	15	2
REG-93	PACA	2020-03-27	213	5055651	2020-03-02	25	1	11	0	0.053534731	4	12	15	2
REG-93	PACA	2020-03-28	193	5055651	2020-03-02	26	1	12	0	0.053534731	4	12	15	2
REG-93	PACA	2020-03-29	157	5055651	2020-03-02	27	1	13	0	0.053534731	4	12	15	2
REG-93	PACA	2020-03-30	197	5055651	2020-03-02	28	1	14	0	0.053534731	4	12	15	2
REG-93	PACA	2020-03-31	178	5055651	2020-03-02	29	1	15	0	0.053534731	4	12	15	2
REG-93	PACA	2020-04-01	212	5055651	2020-03-02	30	1	16	0	0.053534731	4	12	15	2
REG-93	PACA	2020-04-02	188	5055651	2020-03-02	31	1	17	0	0.053534731	4	12	15	2
REG-93	PACA	2020-04-03	187	5055651	2020-03-02	32	1	18	0	0.053534731	4	12	15	2
REG-93	PACA	2020-04-04	133	5055651	2020-03-02	33	1	19	0	0.053534731	4	12	15	2
REG-93	PACA	2020-04-05	96	5055651	2020-03-02	34	1	20	0	0.053534731	4	12	15	2
REG-93	PACA	2020-04-06	133	5055651	2020-03-02	35	1	21	0	0.053534731	4	12	15	2
REG-93	PACA	2020-04-07	191	5055651	2020-03-02	36	1	22	0	0.053534731	4	12	15	2
REG-93	PACA	2020-04-08	114	5055651	2020-03-02	37	1	23	0	0.053534731	4	12	15	2
REG-93	PACA	2020-04-09	184	5055651	2020-03-02	38	1	24	0	0.053534731	4	12	15	2
REG-93	PACA	2020-04-10	122	5055651	2020-03-02	39	1	25	0	0.053534731	4	12	15	2
REG-93	PACA	2020-04-11	97	5055651	2020-03-02	40	1	26	0	0.053534731	4	12	15	2
REG-93	PACA	2020-04-12	185	5055651	2020-03-02	41	1	27	0	0.053534731	4	12	15	2
REG-93	PACA	2020-04-13	84	5055651	2020-03-02	42	1	28	0	0.053534731	4	12	15	2
REG-93	PACA	2020-04-14	108	5055651	2020-03-02	43	1	29	0	0.053534731	4	12	15	2
REG-93	PACA	2020-04-15	138	5055651	2020-03-02	44	1	30	0	0.053534731	4	12	15	2
REG-93	PACA	2020-04-16	125	5055651	2020-03-02	45	1	31	0	0.053534731	4	12	15	2
REG-93	PACA	2020-04-17	137	5055651	2020-03-02	46	1	32	0	0.053534731	4	12	15	2
REG-93	PACA	2020-04-18	68	5055651	2020-03-02	47	1	33	0	0.053534731	4	12	15	2
REG-93	PACA	2020-04-19	66	5055651	2020-03-02	48	1	34	0	0.053534731	4	12	15	2
REG-93	PACA	2020-04-20	103	5055651	2020-03-02	49	1	35	0	0.053534731	4	12	15	2
REG-93	PACA	2020-04-21	134	5055651	2020-03-02	50	1	36	0	0.053534731	4	12	15	2
REG-93	PACA	2020-04-22	85	5055651	2020-03-02	51	1	37	0	0.053534731	4	12	15	2
REG-93	PACA	2020-04-23	89	5055651	2020-03-02	52	1	38	0	0.053534731	4	12	15	2
REG-93	PACA	2020-04-24	76	5055651	2020-03-02	53	1	39	0	0.053534731	4	12	15	2
REG-93	PACA	2020-04-25	52	5055651	2020-03-02	54	1	40	0	0.053534731	4	12	15	2
REG-93	PACA	2020-04-26	46	5055651	2020-03-02	55	1	41	0	0.053534731	4	12	15	2
REG-93	PACA	2020-04-27	66	5055651	2020-03-02	56	1	42	0	0.053534731	4	12	15	2
REG-93	PACA	2020-04-28	62	5055651	2020-03-02	57	1	43	0	0.053534731	4	12	15	2
REG-93	PACA	2020-04-29	49	5055651	2020-03-02	58	1	44	0	0.053534731	4	12	15	2
REG-93	PACA	2020-04-30	56	5055651	2020-03-02	59	1	45	0	0.053534731	4	12	15	2
REG-93	PACA	2020-05-01	32	5055651	2020-03-02	60	1	46	0	0.053534731	4	12	15	2
REG-93	PACA	2020-05-02	37	5055651	2020-03-02	61	1	47	0	0.053534731	4	12	15	2
REG-93	PACA	2020-05-03	29	5055651	2020-03-02	62	1	48	0	0.053534731	4	12	15	2
REG-93	PACA	2020-05-04	32	5055651	2020-03-02	63	1	49	0	0.053534731	4	12	15	2
REG-93	PACA	2020-05-05	48	5055651	2020-03-02	64	1	50	0	0.053534731	4	12	15	2
REG-93	PACA	2020-05-06	45	5055651	2020-03-02	65	1	51	0	0.053534731	4	12	15	2
REG-93	PACA	2020-05-07	36	5055651	2020-03-02	66	1	52	0	0.053534731	4	12	15	2
REG-93	PACA	2020-05-08	19	5055651	2020-03-02	67	1	53	0	0.053534731	4	12	15	2
REG-93	PACA	2020-05-09	29	5055651	2020-03-02	68	1	54	0	0.053534731	4	12	15	2
REG-93	PACA	2020-05-10	18	5055651	2020-03-02	69	1	55	0	0.053534731	4	12	15	2
REG-93	PACA	2020-05-11	27	5055651	2020-03-02	70	0	56	1	0.053534731	4	12	15	2
