reg_id	date	day	init_I0	init_H0	obs_id	obs	isolation	popsize	ascertainement	ascertainementmin	ascertainementmax	ascertainementsd	IDname
REG-11	2020-02-28	0	1	0	1	4	0	12278210	0.0456063152308509	0.0403545329146245	0.0524295537450589	0.046546453609735	IDF
REG-11	2020-02-29	1	1	0	1	0	0	12278210	0.0456063152308509	0.0403545329146245	0.0524295537450589	0.046546453609735	IDF
REG-11	2020-03-01	2	1	0	1	0	0	12278210	0.0456063152308509	0.0403545329146245	0.0524295537450589	0.046546453609735	IDF
REG-11	2020-03-02	3	1	0	1	25	0	12278210	0.0456063152308509	0.0403545329146245	0.0524295537450589	0.046546453609735	IDF
REG-11	2020-03-03	4	1	0	1	3	0	12278210	0.0456063152308509	0.0403545329146245	0.0524295537450589	0.046546453609735	IDF
REG-11	2020-03-04	5	1	0	1	18	0	12278210	0.0456063152308509	0.0403545329146245	0.0524295537450589	0.046546453609735	IDF
REG-11	2020-03-05	6	1	0	1	21	0	12278210	0.0456063152308509	0.0403545329146245	0.0524295537450589	0.046546453609735	IDF
REG-11	2020-03-06	7	1	0	1	13	0	12278210	0.0456063152308509	0.0403545329146245	0.0524295537450589	0.046546453609735	IDF
REG-11	2020-03-07	8	1	0	1	15	0	12278210	0.0456063152308509	0.0403545329146245	0.0524295537450589	0.046546453609735	IDF
REG-11	2020-03-08	9	1	0	1	0	0	12278210	0.0456063152308509	0.0403545329146245	0.0524295537450589	0.046546453609735	IDF
REG-11	2020-03-09	10	1	0	1	0	0	12278210	0.0456063152308509	0.0403545329146245	0.0524295537450589	0.046546453609735	IDF
REG-11	2020-03-10	11	1	0	1	230	0	12278210	0.0456063152308509	0.0403545329146245	0.0524295537450589	0.046546453609735	IDF
REG-11	2020-03-11	12	1	0	1	158	0	12278210	0.0456063152308509	0.0403545329146245	0.0524295537450589	0.046546453609735	IDF
REG-11	2020-03-12	13	1	0	1	85	0	12278210	0.0456063152308509	0.0403545329146245	0.0524295537450589	0.046546453609735	IDF
REG-11	2020-03-13	14	1	0	1	144	0	12278210	0.0456063152308509	0.0403545329146245	0.0524295537450589	0.046546453609735	IDF
REG-11	2020-03-14	15	1	0	1	228	0	12278210	0.0456063152308509	0.0403545329146245	0.0524295537450589	0.046546453609735	IDF
REG-11	2020-03-15	16	1	0	1	260	0	12278210	0.0456063152308509	0.0403545329146245	0.0524295537450589	0.046546453609735	IDF
REG-11	2020-03-16	17	1	0	1	553	0	12278210	0.0456063152308509	0.0403545329146245	0.0524295537450589	0.046546453609735	IDF
REG-11	2020-03-17	18	1	0	1	415	0	12278210	0.0456063152308509	0.0403545329146245	0.0524295537450589	0.046546453609735	IDF
REG-11	2020-03-18	19	1	0	1	516	1	12278210	0.0456063152308509	0.0403545329146245	0.0524295537450589	0.046546453609735	IDF
REG-11	2020-03-19	20	1	0	1	691	1	12278210	0.0456063152308509	0.0403545329146245	0.0524295537450589	0.046546453609735	IDF
REG-11	2020-03-20	21	1	0	1	434	1	12278210	0.0456063152308509	0.0403545329146245	0.0524295537450589	0.046546453609735	IDF
REG-11	2020-03-21	22	1	0	1	877	1	12278210	0.0456063152308509	0.0403545329146245	0.0524295537450589	0.046546453609735	IDF
REG-11	2020-03-22	23	1	0	1	588	1	12278210	0.0456063152308509	0.0403545329146245	0.0524295537450589	0.046546453609735	IDF
REG-11	2020-03-23	24	1	0	1	928	1	12278210	0.0456063152308509	0.0403545329146245	0.0524295537450589	0.046546453609735	IDF
REG-11	2020-03-24	25	1	0	1	587	1	12278210	0.0456063152308509	0.0403545329146245	0.0524295537450589	0.046546453609735	IDF
REG-11	2020-03-25	26	1	0	1	862	1	12278210	0.0456063152308509	0.0403545329146245	0.0524295537450589	0.046546453609735	IDF
REG-11	2020-02-28	0	1	0	2	0	0	12278210	0.0456063152308509	0.0403545329146245	0.0524295537450589	0.046546453609735	IDF
REG-11	2020-02-29	1	1	0	2	1	0	12278210	0.0456063152308509	0.0403545329146245	0.0524295537450589	0.046546453609735	IDF
REG-11	2020-03-01	2	1	0	2	0	0	12278210	0.0456063152308509	0.0403545329146245	0.0524295537450589	0.046546453609735	IDF
REG-11	2020-03-02	3	1	0	2	5	0	12278210	0.0456063152308509	0.0403545329146245	0.0524295537450589	0.046546453609735	IDF
REG-11	2020-03-03	4	1	0	2	6	0	12278210	0.0456063152308509	0.0403545329146245	0.0524295537450589	0.046546453609735	IDF
REG-11	2020-03-04	5	1	0	2	11	0	12278210	0.0456063152308509	0.0403545329146245	0.0524295537450589	0.046546453609735	IDF
REG-11	2020-03-05	6	1	0	2	14	0	12278210	0.0456063152308509	0.0403545329146245	0.0524295537450589	0.046546453609735	IDF
REG-11	2020-03-06	7	1	0	2	22	0	12278210	0.0456063152308509	0.0403545329146245	0.0524295537450589	0.046546453609735	IDF
REG-11	2020-03-07	8	1	0	2	17	0	12278210	0.0456063152308509	0.0403545329146245	0.0524295537450589	0.046546453609735	IDF
REG-11	2020-03-08	9	1	0	2	19	0	12278210	0.0456063152308509	0.0403545329146245	0.0524295537450589	0.046546453609735	IDF
REG-11	2020-03-09	10	1	0	2	48	0	12278210	0.0456063152308509	0.0403545329146245	0.0524295537450589	0.046546453609735	IDF
REG-11	2020-03-10	11	1	0	2	52	0	12278210	0.0456063152308509	0.0403545329146245	0.0524295537450589	0.046546453609735	IDF
REG-11	2020-03-11	12	1	0	2	55	0	12278210	0.0456063152308509	0.0403545329146245	0.0524295537450589	0.046546453609735	IDF
REG-11	2020-03-12	13	1	0	2	88	0	12278210	0.0456063152308509	0.0403545329146245	0.0524295537450589	0.046546453609735	IDF
REG-11	2020-03-13	14	1	0	2	101	0	12278210	0.0456063152308509	0.0403545329146245	0.0524295537450589	0.046546453609735	IDF
REG-11	2020-03-14	15	1	0	2	87	0	12278210	0.0456063152308509	0.0403545329146245	0.0524295537450589	0.046546453609735	IDF
REG-11	2020-03-15	16	1	0	2	102	0	12278210	0.0456063152308509	0.0403545329146245	0.0524295537450589	0.046546453609735	IDF
REG-11	2020-03-16	17	1	0	2	134	0	12278210	0.0456063152308509	0.0403545329146245	0.0524295537450589	0.046546453609735	IDF
REG-11	2020-03-17	18	1	0	2	180	0	12278210	0.0456063152308509	0.0403545329146245	0.0524295537450589	0.046546453609735	IDF
REG-11	2020-03-18	19	1	0	2	183	1	12278210	0.0456063152308509	0.0403545329146245	0.0524295537450589	0.046546453609735	IDF
REG-11	2020-03-19	20	1	0	2	268	1	12278210	0.0456063152308509	0.0403545329146245	0.0524295537450589	0.046546453609735	IDF
REG-11	2020-03-20	21	1	0	2	302	1	12278210	0.0456063152308509	0.0403545329146245	0.0524295537450589	0.046546453609735	IDF
REG-11	2020-03-21	22	1	0	2	239	1	12278210	0.0456063152308509	0.0403545329146245	0.0524295537450589	0.046546453609735	IDF
REG-75	2020-03-05	0	3	0	1	3	0	5999982	0.031654162200786	0.0253999197293733	0.0419945018485164	0.046546453609735	NAquitaine
REG-75	2020-03-06	1	3	0	1	3	0	5999982	0.031654162200786	0.0253999197293733	0.0419945018485164	0.046546453609735	NAquitaine
REG-75	2020-03-07	2	3	0	1	6	0	5999982	0.031654162200786	0.0253999197293733	0.0419945018485164	0.046546453609735	NAquitaine
REG-75	2020-03-08	3	3	0	1	0	0	5999982	0.031654162200786	0.0253999197293733	0.0419945018485164	0.046546453609735	NAquitaine
REG-75	2020-03-09	4	3	0	1	0	0	5999982	0.031654162200786	0.0253999197293733	0.0419945018485164	0.046546453609735	NAquitaine
REG-75	2020-03-10	5	3	0	1	37	0	5999982	0.031654162200786	0.0253999197293733	0.0419945018485164	0.046546453609735	NAquitaine
REG-75	2020-03-11	6	3	0	1	12	0	5999982	0.031654162200786	0.0253999197293733	0.0419945018485164	0.046546453609735	NAquitaine
REG-75	2020-03-12	7	3	0	1	21	0	5999982	0.031654162200786	0.0253999197293733	0.0419945018485164	0.046546453609735	NAquitaine
REG-75	2020-03-13	8	3	0	1	27	0	5999982	0.031654162200786	0.0253999197293733	0.0419945018485164	0.046546453609735	NAquitaine
REG-75	2020-03-14	9	3	0	1	16	0	5999982	0.031654162200786	0.0253999197293733	0.0419945018485164	0.046546453609735	NAquitaine
REG-75	2020-03-15	10	3	0	1	14	0	5999982	0.031654162200786	0.0253999197293733	0.0419945018485164	0.046546453609735	NAquitaine
REG-75	2020-03-16	11	3	0	1	34	0	5999982	0.031654162200786	0.0253999197293733	0.0419945018485164	0.046546453609735	NAquitaine
REG-75	2020-03-17	12	3	0	1	22	0	5999982	0.031654162200786	0.0253999197293733	0.0419945018485164	0.046546453609735	NAquitaine
REG-75	2020-03-18	13	3	0	1	37	1	5999982	0.031654162200786	0.0253999197293733	0.0419945018485164	0.046546453609735	NAquitaine
REG-75	2020-03-19	14	3	0	1	43	1	5999982	0.031654162200786	0.0253999197293733	0.0419945018485164	0.046546453609735	NAquitaine
REG-75	2020-03-20	15	3	0	1	152	1	5999982	0.031654162200786	0.0253999197293733	0.0419945018485164	0.046546453609735	NAquitaine
REG-75	2020-03-21	16	3	0	1	89	1	5999982	0.031654162200786	0.0253999197293733	0.0419945018485164	0.046546453609735	NAquitaine
REG-75	2020-03-22	17	3	0	1	91	1	5999982	0.031654162200786	0.0253999197293733	0.0419945018485164	0.046546453609735	NAquitaine
REG-75	2020-03-23	18	3	0	1	64	1	5999982	0.031654162200786	0.0253999197293733	0.0419945018485164	0.046546453609735	NAquitaine
REG-75	2020-03-24	19	3	0	1	113	1	5999982	0.031654162200786	0.0253999197293733	0.0419945018485164	0.046546453609735	NAquitaine
REG-75	2020-03-25	20	3	0	1	123	1	5999982	0.031654162200786	0.0253999197293733	0.0419945018485164	0.046546453609735	NAquitaine
REG-75	2020-03-06	1	3	0	2	2	0	5999982	0.031654162200786	0.0253999197293733	0.0419945018485164	0.046546453609735	NAquitaine
REG-75	2020-03-07	2	3	0	2	6	0	5999982	0.031654162200786	0.0253999197293733	0.0419945018485164	0.046546453609735	NAquitaine
REG-75	2020-03-08	3	3	0	2	8	0	5999982	0.031654162200786	0.0253999197293733	0.0419945018485164	0.046546453609735	NAquitaine
REG-75	2020-03-09	4	3	0	2	2	0	5999982	0.031654162200786	0.0253999197293733	0.0419945018485164	0.046546453609735	NAquitaine
REG-75	2020-03-10	5	3	0	2	5	0	5999982	0.031654162200786	0.0253999197293733	0.0419945018485164	0.046546453609735	NAquitaine
REG-75	2020-03-11	6	3	0	2	4	0	5999982	0.031654162200786	0.0253999197293733	0.0419945018485164	0.046546453609735	NAquitaine
REG-75	2020-03-12	7	3	0	2	12	0	5999982	0.031654162200786	0.0253999197293733	0.0419945018485164	0.046546453609735	NAquitaine
REG-75	2020-03-13	8	3	0	2	6	0	5999982	0.031654162200786	0.0253999197293733	0.0419945018485164	0.046546453609735	NAquitaine
REG-75	2020-03-14	9	3	0	2	13	0	5999982	0.031654162200786	0.0253999197293733	0.0419945018485164	0.046546453609735	NAquitaine
REG-75	2020-03-15	10	3	0	2	10	0	5999982	0.031654162200786	0.0253999197293733	0.0419945018485164	0.046546453609735	NAquitaine
REG-75	2020-03-16	11	3	0	2	26	0	5999982	0.031654162200786	0.0253999197293733	0.0419945018485164	0.046546453609735	NAquitaine
REG-75	2020-03-17	12	3	0	2	37	0	5999982	0.031654162200786	0.0253999197293733	0.0419945018485164	0.046546453609735	NAquitaine
REG-75	2020-03-18	13	3	0	2	27	1	5999982	0.031654162200786	0.0253999197293733	0.0419945018485164	0.046546453609735	NAquitaine
REG-75	2020-03-19	14	3	0	2	42	1	5999982	0.031654162200786	0.0253999197293733	0.0419945018485164	0.046546453609735	NAquitaine
REG-75	2020-03-20	15	3	0	2	59	1	5999982	0.031654162200786	0.0253999197293733	0.0419945018485164	0.046546453609735	NAquitaine
REG-75	2020-03-21	16	3	0	2	48	1	5999982	0.031654162200786	0.0253999197293733	0.0419945018485164	0.046546453609735	NAquitaine
REG-84	2020-02-28	0	5	0	1	5	0	8032377	0.0305831939185818	0.0268944868882924	0.0366927248397775	0.046546453609735	AURA
REG-84	2020-02-29	1	5	0	1	0	0	8032377	0.0305831939185818	0.0268944868882924	0.0366927248397775	0.046546453609735	AURA
REG-84	2020-03-01	2	5	0	1	0	0	8032377	0.0305831939185818	0.0268944868882924	0.0366927248397775	0.046546453609735	AURA
REG-84	2020-03-02	3	5	0	1	26	0	8032377	0.0305831939185818	0.0268944868882924	0.0366927248397775	0.046546453609735	AURA
REG-84	2020-03-03	4	5	0	1	3	0	8032377	0.0305831939185818	0.0268944868882924	0.0366927248397775	0.046546453609735	AURA
REG-84	2020-03-04	5	5	0	1	9	0	8032377	0.0305831939185818	0.0268944868882924	0.0366927248397775	0.046546453609735	AURA
REG-84	2020-03-05	6	5	0	1	15	0	8032377	0.0305831939185818	0.0268944868882924	0.0366927248397775	0.046546453609735	AURA
REG-84	2020-03-06	7	5	0	1	11	0	8032377	0.0305831939185818	0.0268944868882924	0.0366927248397775	0.046546453609735	AURA
REG-84	2020-03-07	8	5	0	1	27	0	8032377	0.0305831939185818	0.0268944868882924	0.0366927248397775	0.046546453609735	AURA
REG-84	2020-03-08	9	5	0	1	0	0	8032377	0.0305831939185818	0.0268944868882924	0.0366927248397775	0.046546453609735	AURA
REG-84	2020-03-09	10	5	0	1	0	0	8032377	0.0305831939185818	0.0268944868882924	0.0366927248397775	0.046546453609735	AURA
REG-84	2020-03-10	11	5	0	1	109	0	8032377	0.0305831939185818	0.0268944868882924	0.0366927248397775	0.046546453609735	AURA
REG-84	2020-03-11	12	5	0	1	53	0	8032377	0.0305831939185818	0.0268944868882924	0.0366927248397775	0.046546453609735	AURA
REG-84	2020-03-12	13	5	0	1	65	0	8032377	0.0305831939185818	0.0268944868882924	0.0366927248397775	0.046546453609735	AURA
REG-84	2020-03-13	14	5	0	1	87	0	8032377	0.0305831939185818	0.0268944868882924	0.0366927248397775	0.046546453609735	AURA
REG-84	2020-03-14	15	5	0	1	38	0	8032377	0.0305831939185818	0.0268944868882924	0.0366927248397775	0.046546453609735	AURA
REG-84	2020-03-15	16	5	0	1	69	0	8032377	0.0305831939185818	0.0268944868882924	0.0366927248397775	0.046546453609735	AURA
REG-84	2020-03-16	17	5	0	1	95	0	8032377	0.0305831939185818	0.0268944868882924	0.0366927248397775	0.046546453609735	AURA
REG-84	2020-03-17	18	5	0	1	92	0	8032377	0.0305831939185818	0.0268944868882924	0.0366927248397775	0.046546453609735	AURA
REG-84	2020-03-18	19	5	0	1	148	1	8032377	0.0305831939185818	0.0268944868882924	0.0366927248397775	0.046546453609735	AURA
REG-84	2020-03-19	20	5	0	1	156	1	8032377	0.0305831939185818	0.0268944868882924	0.0366927248397775	0.046546453609735	AURA
REG-84	2020-03-20	21	5	0	1	87	1	8032377	0.0305831939185818	0.0268944868882924	0.0366927248397775	0.046546453609735	AURA
REG-84	2020-03-21	22	5	0	1	165	1	8032377	0.0305831939185818	0.0268944868882924	0.0366927248397775	0.046546453609735	AURA
REG-84	2020-03-22	23	5	0	1	165	1	8032377	0.0305831939185818	0.0268944868882924	0.0366927248397775	0.046546453609735	AURA
REG-84	2020-03-23	24	5	0	1	299	1	8032377	0.0305831939185818	0.0268944868882924	0.0366927248397775	0.046546453609735	AURA
REG-84	2020-03-24	25	5	0	1	127	1	8032377	0.0305831939185818	0.0268944868882924	0.0366927248397775	0.046546453609735	AURA
REG-84	2020-03-25	26	5	0	1	236	1	8032377	0.0305831939185818	0.0268944868882924	0.0366927248397775	0.046546453609735	AURA
REG-84	2020-02-29	1	5	0	2	0	0	8032377	0.0305831939185818	0.0268944868882924	0.0366927248397775	0.046546453609735	AURA
REG-84	2020-03-01	2	5	0	2	0	0	8032377	0.0305831939185818	0.0268944868882924	0.0366927248397775	0.046546453609735	AURA
REG-84	2020-03-02	3	5	0	2	9	0	8032377	0.0305831939185818	0.0268944868882924	0.0366927248397775	0.046546453609735	AURA
REG-84	2020-03-03	4	5	0	2	2	0	8032377	0.0305831939185818	0.0268944868882924	0.0366927248397775	0.046546453609735	AURA
REG-84	2020-03-04	5	5	0	2	2	0	8032377	0.0305831939185818	0.0268944868882924	0.0366927248397775	0.046546453609735	AURA
REG-84	2020-03-05	6	5	0	2	1	0	8032377	0.0305831939185818	0.0268944868882924	0.0366927248397775	0.046546453609735	AURA
REG-84	2020-03-06	7	5	0	2	3	0	8032377	0.0305831939185818	0.0268944868882924	0.0366927248397775	0.046546453609735	AURA
REG-84	2020-03-07	8	5	0	2	4	0	8032377	0.0305831939185818	0.0268944868882924	0.0366927248397775	0.046546453609735	AURA
REG-84	2020-03-08	9	5	0	2	3	0	8032377	0.0305831939185818	0.0268944868882924	0.0366927248397775	0.046546453609735	AURA
REG-84	2020-03-09	10	5	0	2	14	0	8032377	0.0305831939185818	0.0268944868882924	0.0366927248397775	0.046546453609735	AURA
REG-84	2020-03-10	11	5	0	2	14	0	8032377	0.0305831939185818	0.0268944868882924	0.0366927248397775	0.046546453609735	AURA
REG-84	2020-03-11	12	5	0	2	13	0	8032377	0.0305831939185818	0.0268944868882924	0.0366927248397775	0.046546453609735	AURA
REG-84	2020-03-12	13	5	0	2	27	0	8032377	0.0305831939185818	0.0268944868882924	0.0366927248397775	0.046546453609735	AURA
REG-84	2020-03-13	14	5	0	2	37	0	8032377	0.0305831939185818	0.0268944868882924	0.0366927248397775	0.046546453609735	AURA
REG-84	2020-03-14	15	5	0	2	40	0	8032377	0.0305831939185818	0.0268944868882924	0.0366927248397775	0.046546453609735	AURA
REG-84	2020-03-15	16	5	0	2	29	0	8032377	0.0305831939185818	0.0268944868882924	0.0366927248397775	0.046546453609735	AURA
REG-84	2020-03-16	17	5	0	2	46	0	8032377	0.0305831939185818	0.0268944868882924	0.0366927248397775	0.046546453609735	AURA
REG-84	2020-03-17	18	5	0	2	63	0	8032377	0.0305831939185818	0.0268944868882924	0.0366927248397775	0.046546453609735	AURA
REG-84	2020-03-18	19	5	0	2	57	1	8032377	0.0305831939185818	0.0268944868882924	0.0366927248397775	0.046546453609735	AURA
REG-84	2020-03-19	20	5	0	2	67	1	8032377	0.0305831939185818	0.0268944868882924	0.0366927248397775	0.046546453609735	AURA
REG-84	2020-03-20	21	5	0	2	100	1	8032377	0.0305831939185818	0.0268944868882924	0.0366927248397775	0.046546453609735	AURA
REG-84	2020-03-21	22	5	0	2	81	1	8032377	0.0305831939185818	0.0268944868882924	0.0366927248397775	0.046546453609735	AURA
REG-24	2020-03-06	0	9	0	1	9	0	2559073	0.0337256976590398	0.028000439222576	0.0423940149625935	0.046546453609735	Centre
REG-24	2020-03-07	1	9	0	1	5	0	2559073	0.0337256976590398	0.028000439222576	0.0423940149625935	0.046546453609735	Centre
REG-24	2020-03-08	2	9	0	1	0	0	2559073	0.0337256976590398	0.028000439222576	0.0423940149625935	0.046546453609735	Centre
REG-24	2020-03-09	3	9	0	1	0	0	2559073	0.0337256976590398	0.028000439222576	0.0423940149625935	0.046546453609735	Centre
REG-24	2020-03-10	4	9	0	1	2	0	2559073	0.0337256976590398	0.028000439222576	0.0423940149625935	0.046546453609735	Centre
REG-24	2020-03-11	5	9	0	1	2	0	2559073	0.0337256976590398	0.028000439222576	0.0423940149625935	0.046546453609735	Centre
REG-24	2020-03-12	6	9	0	1	10	0	2559073	0.0337256976590398	0.028000439222576	0.0423940149625935	0.046546453609735	Centre
REG-24	2020-03-13	7	9	0	1	3	0	2559073	0.0337256976590398	0.028000439222576	0.0423940149625935	0.046546453609735	Centre
REG-24	2020-03-14	8	9	0	1	21	0	2559073	0.0337256976590398	0.028000439222576	0.0423940149625935	0.046546453609735	Centre
REG-24	2020-03-15	9	9	0	1	17	0	2559073	0.0337256976590398	0.028000439222576	0.0423940149625935	0.046546453609735	Centre
REG-24	2020-03-16	10	9	0	1	19	0	2559073	0.0337256976590398	0.028000439222576	0.0423940149625935	0.046546453609735	Centre
REG-24	2020-03-17	11	9	0	1	13	0	2559073	0.0337256976590398	0.028000439222576	0.0423940149625935	0.046546453609735	Centre
REG-24	2020-03-18	12	9	0	1	25	1	2559073	0.0337256976590398	0.028000439222576	0.0423940149625935	0.046546453609735	Centre
REG-24	2020-03-19	13	9	0	1	29	1	2559073	0.0337256976590398	0.028000439222576	0.0423940149625935	0.046546453609735	Centre
REG-24	2020-03-20	14	9	0	1	62	1	2559073	0.0337256976590398	0.028000439222576	0.0423940149625935	0.046546453609735	Centre
REG-24	2020-03-21	15	9	0	1	35	1	2559073	0.0337256976590398	0.028000439222576	0.0423940149625935	0.046546453609735	Centre
REG-24	2020-03-22	16	9	0	1	37	1	2559073	0.0337256976590398	0.028000439222576	0.0423940149625935	0.046546453609735	Centre
REG-24	2020-03-23	17	9	0	1	70	1	2559073	0.0337256976590398	0.028000439222576	0.0423940149625935	0.046546453609735	Centre
REG-24	2020-03-24	18	9	0	1	89	1	2559073	0.0337256976590398	0.028000439222576	0.0423940149625935	0.046546453609735	Centre
REG-24	2020-03-25	19	9	0	1	111	1	2559073	0.0337256976590398	0.028000439222576	0.0423940149625935	0.046546453609735	Centre
REG-24	2020-03-07	1	9	0	2	0	0	2559073	0.0337256976590398	0.028000439222576	0.0423940149625935	0.046546453609735	Centre
REG-24	2020-03-08	2	9	0	2	1	0	2559073	0.0337256976590398	0.028000439222576	0.0423940149625935	0.046546453609735	Centre
REG-24	2020-03-09	3	9	0	2	1	0	2559073	0.0337256976590398	0.028000439222576	0.0423940149625935	0.046546453609735	Centre
REG-24	2020-03-10	4	9	0	2	1	0	2559073	0.0337256976590398	0.028000439222576	0.0423940149625935	0.046546453609735	Centre
REG-24	2020-03-11	5	9	0	2	0	0	2559073	0.0337256976590398	0.028000439222576	0.0423940149625935	0.046546453609735	Centre
REG-24	2020-03-12	6	9	0	2	1	0	2559073	0.0337256976590398	0.028000439222576	0.0423940149625935	0.046546453609735	Centre
REG-24	2020-03-13	7	9	0	2	1	0	2559073	0.0337256976590398	0.028000439222576	0.0423940149625935	0.046546453609735	Centre
REG-24	2020-03-14	8	9	0	2	2	0	2559073	0.0337256976590398	0.028000439222576	0.0423940149625935	0.046546453609735	Centre
REG-24	2020-03-15	9	9	0	2	5	0	2559073	0.0337256976590398	0.028000439222576	0.0423940149625935	0.046546453609735	Centre
REG-24	2020-03-16	10	9	0	2	6	0	2559073	0.0337256976590398	0.028000439222576	0.0423940149625935	0.046546453609735	Centre
REG-24	2020-03-17	11	9	0	2	10	0	2559073	0.0337256976590398	0.028000439222576	0.0423940149625935	0.046546453609735	Centre
REG-24	2020-03-18	12	9	0	2	5	1	2559073	0.0337256976590398	0.028000439222576	0.0423940149625935	0.046546453609735	Centre
REG-24	2020-03-19	13	9	0	2	13	1	2559073	0.0337256976590398	0.028000439222576	0.0423940149625935	0.046546453609735	Centre
REG-24	2020-03-20	14	9	0	2	15	1	2559073	0.0337256976590398	0.028000439222576	0.0423940149625935	0.046546453609735	Centre
REG-24	2020-03-21	15	9	0	2	4	1	2559073	0.0337256976590398	0.028000439222576	0.0423940149625935	0.046546453609735	Centre
REG-27	2020-03-02	0	4	0	1	4	0	2783039	0.078898180029513	0.0631744781410004	0.105042567125082	0.046546453609735	BFC
REG-27	2020-03-03	1	4	0	1	5	0	2783039	0.078898180029513	0.0631744781410004	0.105042567125082	0.046546453609735	BFC
REG-27	2020-03-04	2	4	0	1	3	0	2783039	0.078898180029513	0.0631744781410004	0.105042567125082	0.046546453609735	BFC
REG-27	2020-03-05	3	4	0	1	23	0	2783039	0.078898180029513	0.0631744781410004	0.105042567125082	0.046546453609735	BFC
REG-27	2020-03-06	4	4	0	1	39	0	2783039	0.078898180029513	0.0631744781410004	0.105042567125082	0.046546453609735	BFC
REG-27	2020-03-07	5	4	0	1	51	0	2783039	0.078898180029513	0.0631744781410004	0.105042567125082	0.046546453609735	BFC
REG-27	2020-03-08	6	4	0	1	0	0	2783039	0.078898180029513	0.0631744781410004	0.105042567125082	0.046546453609735	BFC
REG-27	2020-03-09	7	4	0	1	0	0	2783039	0.078898180029513	0.0631744781410004	0.105042567125082	0.046546453609735	BFC
REG-27	2020-03-10	8	4	0	1	17	0	2783039	0.078898180029513	0.0631744781410004	0.105042567125082	0.046546453609735	BFC
REG-27	2020-03-11	9	4	0	1	9	0	2783039	0.078898180029513	0.0631744781410004	0.105042567125082	0.046546453609735	BFC
REG-27	2020-03-12	10	4	0	1	64	0	2783039	0.078898180029513	0.0631744781410004	0.105042567125082	0.046546453609735	BFC
REG-27	2020-03-13	11	4	0	1	53	0	2783039	0.078898180029513	0.0631744781410004	0.105042567125082	0.046546453609735	BFC
REG-27	2020-03-14	12	4	0	1	67	0	2783039	0.078898180029513	0.0631744781410004	0.105042567125082	0.046546453609735	BFC
REG-27	2020-03-15	13	4	0	1	73	0	2783039	0.078898180029513	0.0631744781410004	0.105042567125082	0.046546453609735	BFC
REG-27	2020-03-16	14	4	0	1	95	0	2783039	0.078898180029513	0.0631744781410004	0.105042567125082	0.046546453609735	BFC
REG-27	2020-03-17	15	4	0	1	42	0	2783039	0.078898180029513	0.0631744781410004	0.105042567125082	0.046546453609735	BFC
REG-27	2020-03-18	16	4	0	1	44	1	2783039	0.078898180029513	0.0631744781410004	0.105042567125082	0.046546453609735	BFC
REG-27	2020-03-19	17	4	0	1	103	1	2783039	0.078898180029513	0.0631744781410004	0.105042567125082	0.046546453609735	BFC
REG-27	2020-03-20	18	4	0	1	74	1	2783039	0.078898180029513	0.0631744781410004	0.105042567125082	0.046546453609735	BFC
REG-27	2020-03-21	19	4	0	1	133	1	2783039	0.078898180029513	0.0631744781410004	0.105042567125082	0.046546453609735	BFC
REG-27	2020-03-22	20	4	0	1	275	1	2783039	0.078898180029513	0.0631744781410004	0.105042567125082	0.046546453609735	BFC
REG-27	2020-03-23	21	4	0	1	169	1	2783039	0.078898180029513	0.0631744781410004	0.105042567125082	0.046546453609735	BFC
REG-27	2020-03-24	22	4	0	1	163	1	2783039	0.078898180029513	0.0631744781410004	0.105042567125082	0.046546453609735	BFC
REG-27	2020-03-25	23	4	0	1	59	1	2783039	0.078898180029513	0.0631744781410004	0.105042567125082	0.046546453609735	BFC
REG-27	2020-03-03	1	4	0	2	10	0	2783039	0.078898180029513	0.0631744781410004	0.105042567125082	0.046546453609735	BFC
REG-27	2020-03-04	2	4	0	2	10	0	2783039	0.078898180029513	0.0631744781410004	0.105042567125082	0.046546453609735	BFC
REG-27	2020-03-05	3	4	0	2	12	0	2783039	0.078898180029513	0.0631744781410004	0.105042567125082	0.046546453609735	BFC
REG-27	2020-03-06	4	4	0	2	13	0	2783039	0.078898180029513	0.0631744781410004	0.105042567125082	0.046546453609735	BFC
REG-27	2020-03-07	5	4	0	2	15	0	2783039	0.078898180029513	0.0631744781410004	0.105042567125082	0.046546453609735	BFC
REG-27	2020-03-08	6	4	0	2	20	0	2783039	0.078898180029513	0.0631744781410004	0.105042567125082	0.046546453609735	BFC
REG-27	2020-03-09	7	4	0	2	13	0	2783039	0.078898180029513	0.0631744781410004	0.105042567125082	0.046546453609735	BFC
REG-27	2020-03-10	8	4	0	2	28	0	2783039	0.078898180029513	0.0631744781410004	0.105042567125082	0.046546453609735	BFC
REG-27	2020-03-11	9	4	0	2	16	0	2783039	0.078898180029513	0.0631744781410004	0.105042567125082	0.046546453609735	BFC
REG-27	2020-03-12	10	4	0	2	34	0	2783039	0.078898180029513	0.0631744781410004	0.105042567125082	0.046546453609735	BFC
REG-27	2020-03-13	11	4	0	2	44	0	2783039	0.078898180029513	0.0631744781410004	0.105042567125082	0.046546453609735	BFC
REG-27	2020-03-14	12	4	0	2	29	0	2783039	0.078898180029513	0.0631744781410004	0.105042567125082	0.046546453609735	BFC
REG-27	2020-03-15	13	4	0	2	28	0	2783039	0.078898180029513	0.0631744781410004	0.105042567125082	0.046546453609735	BFC
REG-27	2020-03-16	14	4	0	2	38	0	2783039	0.078898180029513	0.0631744781410004	0.105042567125082	0.046546453609735	BFC
REG-27	2020-03-17	15	4	0	2	54	0	2783039	0.078898180029513	0.0631744781410004	0.105042567125082	0.046546453609735	BFC
REG-27	2020-03-18	16	4	0	2	61	1	2783039	0.078898180029513	0.0631744781410004	0.105042567125082	0.046546453609735	BFC
REG-27	2020-03-19	17	4	0	2	64	1	2783039	0.078898180029513	0.0631744781410004	0.105042567125082	0.046546453609735	BFC
REG-27	2020-03-20	18	4	0	2	89	1	2783039	0.078898180029513	0.0631744781410004	0.105042567125082	0.046546453609735	BFC
REG-27	2020-03-21	19	4	0	2	49	1	2783039	0.078898180029513	0.0631744781410004	0.105042567125082	0.046546453609735	BFC
REG-28	2020-03-11	0	17	0	1	17	0	3303500	0.0202191494912601	0.0151300697935478	0.0304668304668305	0.046546453609735	Normandie
REG-28	2020-03-12	1	17	0	1	14	0	3303500	0.0202191494912601	0.0151300697935478	0.0304668304668305	0.046546453609735	Normandie
REG-28	2020-03-13	2	17	0	1	29	0	3303500	0.0202191494912601	0.0151300697935478	0.0304668304668305	0.046546453609735	Normandie
REG-28	2020-03-14	3	17	0	1	30	0	3303500	0.0202191494912601	0.0151300697935478	0.0304668304668305	0.046546453609735	Normandie
REG-28	2020-03-15	4	17	0	1	16	0	3303500	0.0202191494912601	0.0151300697935478	0.0304668304668305	0.046546453609735	Normandie
REG-28	2020-03-16	5	17	0	1	13	0	3303500	0.0202191494912601	0.0151300697935478	0.0304668304668305	0.046546453609735	Normandie
REG-28	2020-03-17	6	17	0	1	18	0	3303500	0.0202191494912601	0.0151300697935478	0.0304668304668305	0.046546453609735	Normandie
REG-28	2020-03-18	7	17	0	1	34	1	3303500	0.0202191494912601	0.0151300697935478	0.0304668304668305	0.046546453609735	Normandie
REG-28	2020-03-19	8	17	0	1	33	1	3303500	0.0202191494912601	0.0151300697935478	0.0304668304668305	0.046546453609735	Normandie
REG-28	2020-03-20	9	17	0	1	46	1	3303500	0.0202191494912601	0.0151300697935478	0.0304668304668305	0.046546453609735	Normandie
REG-28	2020-03-21	10	17	0	1	58	1	3303500	0.0202191494912601	0.0151300697935478	0.0304668304668305	0.046546453609735	Normandie
REG-28	2020-03-22	11	17	0	1	117	1	3303500	0.0202191494912601	0.0151300697935478	0.0304668304668305	0.046546453609735	Normandie
REG-28	2020-03-23	12	17	0	1	49	1	3303500	0.0202191494912601	0.0151300697935478	0.0304668304668305	0.046546453609735	Normandie
REG-28	2020-03-24	13	17	0	1	75	1	3303500	0.0202191494912601	0.0151300697935478	0.0304668304668305	0.046546453609735	Normandie
REG-28	2020-03-25	14	17	0	1	102	1	3303500	0.0202191494912601	0.0151300697935478	0.0304668304668305	0.046546453609735	Normandie
REG-28	2020-03-12	1	17	0	2	2	0	3303500	0.0202191494912601	0.0151300697935478	0.0304668304668305	0.046546453609735	Normandie
REG-28	2020-03-13	2	17	0	2	9	0	3303500	0.0202191494912601	0.0151300697935478	0.0304668304668305	0.046546453609735	Normandie
REG-28	2020-03-14	3	17	0	2	4	0	3303500	0.0202191494912601	0.0151300697935478	0.0304668304668305	0.046546453609735	Normandie
REG-28	2020-03-15	4	17	0	2	4	0	3303500	0.0202191494912601	0.0151300697935478	0.0304668304668305	0.046546453609735	Normandie
REG-28	2020-03-16	5	17	0	2	3	0	3303500	0.0202191494912601	0.0151300697935478	0.0304668304668305	0.046546453609735	Normandie
REG-28	2020-03-17	6	17	0	2	8	0	3303500	0.0202191494912601	0.0151300697935478	0.0304668304668305	0.046546453609735	Normandie
REG-28	2020-03-18	7	17	0	2	15	1	3303500	0.0202191494912601	0.0151300697935478	0.0304668304668305	0.046546453609735	Normandie
REG-28	2020-03-19	8	17	0	2	9	1	3303500	0.0202191494912601	0.0151300697935478	0.0304668304668305	0.046546453609735	Normandie
REG-28	2020-03-20	9	17	0	2	11	1	3303500	0.0202191494912601	0.0151300697935478	0.0304668304668305	0.046546453609735	Normandie
REG-28	2020-03-21	10	17	0	2	15	1	3303500	0.0202191494912601	0.0151300697935478	0.0304668304668305	0.046546453609735	Normandie
REG-32	2020-03-02	0	36	0	1	36	0	5962662	0.031078377112691	0.0260751535933705	0.0384574860394058	0.046546453609735	HDF
REG-32	2020-03-03	1	36	0	1	14	0	5962662	0.031078377112691	0.0260751535933705	0.0384574860394058	0.046546453609735	HDF
REG-32	2020-03-04	2	36	0	1	6	0	5962662	0.031078377112691	0.0260751535933705	0.0384574860394058	0.046546453609735	HDF
REG-32	2020-03-05	3	36	0	1	9	0	5962662	0.031078377112691	0.0260751535933705	0.0384574860394058	0.046546453609735	HDF
REG-32	2020-03-06	4	36	0	1	23	0	5962662	0.031078377112691	0.0260751535933705	0.0384574860394058	0.046546453609735	HDF
REG-32	2020-03-07	5	36	0	1	76	0	5962662	0.031078377112691	0.0260751535933705	0.0384574860394058	0.046546453609735	HDF
REG-32	2020-03-08	6	36	0	1	0	0	5962662	0.031078377112691	0.0260751535933705	0.0384574860394058	0.046546453609735	HDF
REG-32	2020-03-09	7	36	0	1	0	0	5962662	0.031078377112691	0.0260751535933705	0.0384574860394058	0.046546453609735	HDF
REG-32	2020-03-10	8	36	0	1	36	0	5962662	0.031078377112691	0.0260751535933705	0.0384574860394058	0.046546453609735	HDF
REG-32	2020-03-11	9	36	0	1	54	0	5962662	0.031078377112691	0.0260751535933705	0.0384574860394058	0.046546453609735	HDF
REG-32	2020-03-12	10	36	0	1	86	0	5962662	0.031078377112691	0.0260751535933705	0.0384574860394058	0.046546453609735	HDF
REG-32	2020-03-13	11	36	0	1	48	0	5962662	0.031078377112691	0.0260751535933705	0.0384574860394058	0.046546453609735	HDF
REG-32	2020-03-14	12	36	0	1	69	0	5962662	0.031078377112691	0.0260751535933705	0.0384574860394058	0.046546453609735	HDF
REG-32	2020-03-15	13	36	0	1	41	0	5962662	0.031078377112691	0.0260751535933705	0.0384574860394058	0.046546453609735	HDF
REG-32	2020-03-16	14	36	0	1	78	0	5962662	0.031078377112691	0.0260751535933705	0.0384574860394058	0.046546453609735	HDF
REG-32	2020-03-17	15	36	0	1	27	0	5962662	0.031078377112691	0.0260751535933705	0.0384574860394058	0.046546453609735	HDF
REG-32	2020-03-18	16	36	0	1	53	1	5962662	0.031078377112691	0.0260751535933705	0.0384574860394058	0.046546453609735	HDF
REG-32	2020-03-19	17	36	0	1	35	1	5962662	0.031078377112691	0.0260751535933705	0.0384574860394058	0.046546453609735	HDF
REG-32	2020-03-20	18	36	0	1	59	1	5962662	0.031078377112691	0.0260751535933705	0.0384574860394058	0.046546453609735	HDF
REG-32	2020-03-21	19	36	0	1	32	1	5962662	0.031078377112691	0.0260751535933705	0.0384574860394058	0.046546453609735	HDF
REG-32	2020-03-22	20	36	0	1	145	1	5962662	0.031078377112691	0.0260751535933705	0.0384574860394058	0.046546453609735	HDF
REG-32	2020-03-23	21	36	0	1	333	1	5962662	0.031078377112691	0.0260751535933705	0.0384574860394058	0.046546453609735	HDF
REG-32	2020-03-24	22	36	0	1	263	1	5962662	0.031078377112691	0.0260751535933705	0.0384574860394058	0.046546453609735	HDF
REG-32	2020-03-25	23	36	0	1	221	1	5962662	0.031078377112691	0.0260751535933705	0.0384574860394058	0.046546453609735	HDF
REG-32	2020-03-03	1	36	0	2	1	0	5962662	0.031078377112691	0.0260751535933705	0.0384574860394058	0.046546453609735	HDF
REG-32	2020-03-04	2	36	0	2	0	0	5962662	0.031078377112691	0.0260751535933705	0.0384574860394058	0.046546453609735	HDF
REG-32	2020-03-05	3	36	0	2	3	0	5962662	0.031078377112691	0.0260751535933705	0.0384574860394058	0.046546453609735	HDF
REG-32	2020-03-06	4	36	0	2	2	0	5962662	0.031078377112691	0.0260751535933705	0.0384574860394058	0.046546453609735	HDF
REG-32	2020-03-07	5	36	0	2	3	0	5962662	0.031078377112691	0.0260751535933705	0.0384574860394058	0.046546453609735	HDF
REG-32	2020-03-08	6	36	0	2	3	0	5962662	0.031078377112691	0.0260751535933705	0.0384574860394058	0.046546453609735	HDF
REG-32	2020-03-09	7	36	0	2	6	0	5962662	0.031078377112691	0.0260751535933705	0.0384574860394058	0.046546453609735	HDF
REG-32	2020-03-10	8	36	0	2	10	0	5962662	0.031078377112691	0.0260751535933705	0.0384574860394058	0.046546453609735	HDF
REG-32	2020-03-11	9	36	0	2	13	0	5962662	0.031078377112691	0.0260751535933705	0.0384574860394058	0.046546453609735	HDF
REG-32	2020-03-12	10	36	0	2	10	0	5962662	0.031078377112691	0.0260751535933705	0.0384574860394058	0.046546453609735	HDF
REG-32	2020-03-13	11	36	0	2	19	0	5962662	0.031078377112691	0.0260751535933705	0.0384574860394058	0.046546453609735	HDF
REG-32	2020-03-14	12	36	0	2	19	0	5962662	0.031078377112691	0.0260751535933705	0.0384574860394058	0.046546453609735	HDF
REG-32	2020-03-15	13	36	0	2	19	0	5962662	0.031078377112691	0.0260751535933705	0.0384574860394058	0.046546453609735	HDF
REG-32	2020-03-16	14	36	0	2	30	0	5962662	0.031078377112691	0.0260751535933705	0.0384574860394058	0.046546453609735	HDF
REG-32	2020-03-17	15	36	0	2	42	0	5962662	0.031078377112691	0.0260751535933705	0.0384574860394058	0.046546453609735	HDF
REG-32	2020-03-18	16	36	0	2	49	1	5962662	0.031078377112691	0.0260751535933705	0.0384574860394058	0.046546453609735	HDF
REG-32	2020-03-19	17	36	0	2	45	1	5962662	0.031078377112691	0.0260751535933705	0.0384574860394058	0.046546453609735	HDF
REG-32	2020-03-20	18	36	0	2	42	1	5962662	0.031078377112691	0.0260751535933705	0.0384574860394058	0.046546453609735	HDF
REG-32	2020-03-21	19	36	0	2	33	1	5962662	0.031078377112691	0.0260751535933705	0.0384574860394058	0.046546453609735	HDF
REG-44	2020-03-02	0	11	0	1	11	0	5511747	0.0750275145625856	0.0653510720381585	0.0880675552194599	0.046546453609735	GrandEst
REG-44	2020-03-03	1	11	0	1	1	0	5511747	0.0750275145625856	0.0653510720381585	0.0880675552194599	0.046546453609735	GrandEst
REG-44	2020-03-04	2	11	0	1	25	0	5511747	0.0750275145625856	0.0653510720381585	0.0880675552194599	0.046546453609735	GrandEst
REG-44	2020-03-05	3	11	0	1	39	0	5511747	0.0750275145625856	0.0653510720381585	0.0880675552194599	0.046546453609735	GrandEst
REG-44	2020-03-06	4	11	0	1	59	0	5511747	0.0750275145625856	0.0653510720381585	0.0880675552194599	0.046546453609735	GrandEst
REG-44	2020-03-07	5	11	0	1	114	0	5511747	0.0750275145625856	0.0653510720381585	0.0880675552194599	0.046546453609735	GrandEst
REG-44	2020-03-08	6	11	0	1	0	0	5511747	0.0750275145625856	0.0653510720381585	0.0880675552194599	0.046546453609735	GrandEst
REG-44	2020-03-09	7	11	0	1	0	0	5511747	0.0750275145625856	0.0653510720381585	0.0880675552194599	0.046546453609735	GrandEst
REG-44	2020-03-10	8	11	0	1	214	0	5511747	0.0750275145625856	0.0653510720381585	0.0880675552194599	0.046546453609735	GrandEst
REG-44	2020-03-11	9	11	0	1	114	0	5511747	0.0750275145625856	0.0653510720381585	0.0880675552194599	0.046546453609735	GrandEst
REG-44	2020-03-12	10	11	0	1	121	0	5511747	0.0750275145625856	0.0653510720381585	0.0880675552194599	0.046546453609735	GrandEst
REG-44	2020-03-13	11	11	0	1	212	0	5511747	0.0750275145625856	0.0653510720381585	0.0880675552194599	0.046546453609735	GrandEst
REG-44	2020-03-14	12	11	0	1	174	0	5511747	0.0750275145625856	0.0653510720381585	0.0880675552194599	0.046546453609735	GrandEst
REG-44	2020-03-15	13	11	0	1	293	0	5511747	0.0750275145625856	0.0653510720381585	0.0880675552194599	0.046546453609735	GrandEst
REG-44	2020-03-16	14	11	0	1	165	0	5511747	0.0750275145625856	0.0653510720381585	0.0880675552194599	0.046546453609735	GrandEst
REG-44	2020-03-17	15	11	0	1	277	0	5511747	0.0750275145625856	0.0653510720381585	0.0880675552194599	0.046546453609735	GrandEst
REG-44	2020-03-18	16	11	0	1	343	1	5511747	0.0750275145625856	0.0653510720381585	0.0880675552194599	0.046546453609735	GrandEst
REG-44	2020-03-19	17	11	0	1	480	1	5511747	0.0750275145625856	0.0653510720381585	0.0880675552194599	0.046546453609735	GrandEst
REG-44	2020-03-20	18	11	0	1	363	1	5511747	0.0750275145625856	0.0653510720381585	0.0880675552194599	0.046546453609735	GrandEst
REG-44	2020-03-21	19	11	0	1	83	1	5511747	0.0750275145625856	0.0653510720381585	0.0880675552194599	0.046546453609735	GrandEst
REG-44	2020-03-22	20	11	0	1	306	1	5511747	0.0750275145625856	0.0653510720381585	0.0880675552194599	0.046546453609735	GrandEst
REG-44	2020-03-23	21	11	0	1	861	1	5511747	0.0750275145625856	0.0653510720381585	0.0880675552194599	0.046546453609735	GrandEst
REG-44	2020-03-24	22	11	0	1	666	1	5511747	0.0750275145625856	0.0653510720381585	0.0880675552194599	0.046546453609735	GrandEst
REG-44	2020-03-25	23	11	0	1	557	1	5511747	0.0750275145625856	0.0653510720381585	0.0880675552194599	0.046546453609735	GrandEst
REG-44	2020-03-03	1	11	0	2	2	0	5511747	0.0750275145625856	0.0653510720381585	0.0880675552194599	0.046546453609735	GrandEst
REG-44	2020-03-04	2	11	0	2	4	0	5511747	0.0750275145625856	0.0653510720381585	0.0880675552194599	0.046546453609735	GrandEst
REG-44	2020-03-05	3	11	0	2	8	0	5511747	0.0750275145625856	0.0653510720381585	0.0880675552194599	0.046546453609735	GrandEst
REG-44	2020-03-06	4	11	0	2	14	0	5511747	0.0750275145625856	0.0653510720381585	0.0880675552194599	0.046546453609735	GrandEst
REG-44	2020-03-07	5	11	0	2	23	0	5511747	0.0750275145625856	0.0653510720381585	0.0880675552194599	0.046546453609735	GrandEst
REG-44	2020-03-08	6	11	0	2	13	0	5511747	0.0750275145625856	0.0653510720381585	0.0880675552194599	0.046546453609735	GrandEst
REG-44	2020-03-09	7	11	0	2	20	0	5511747	0.0750275145625856	0.0653510720381585	0.0880675552194599	0.046546453609735	GrandEst
REG-44	2020-03-10	8	11	0	2	30	0	5511747	0.0750275145625856	0.0653510720381585	0.0880675552194599	0.046546453609735	GrandEst
REG-44	2020-03-11	9	11	0	2	36	0	5511747	0.0750275145625856	0.0653510720381585	0.0880675552194599	0.046546453609735	GrandEst
REG-44	2020-03-12	10	11	0	2	29	0	5511747	0.0750275145625856	0.0653510720381585	0.0880675552194599	0.046546453609735	GrandEst
REG-44	2020-03-13	11	11	0	2	57	0	5511747	0.0750275145625856	0.0653510720381585	0.0880675552194599	0.046546453609735	GrandEst
REG-44	2020-03-14	12	11	0	2	63	0	5511747	0.0750275145625856	0.0653510720381585	0.0880675552194599	0.046546453609735	GrandEst
REG-44	2020-03-15	13	11	0	2	77	0	5511747	0.0750275145625856	0.0653510720381585	0.0880675552194599	0.046546453609735	GrandEst
REG-44	2020-03-16	14	11	0	2	125	0	5511747	0.0750275145625856	0.0653510720381585	0.0880675552194599	0.046546453609735	GrandEst
REG-44	2020-03-17	15	11	0	2	102	0	5511747	0.0750275145625856	0.0653510720381585	0.0880675552194599	0.046546453609735	GrandEst
REG-44	2020-03-18	16	11	0	2	148	1	5511747	0.0750275145625856	0.0653510720381585	0.0880675552194599	0.046546453609735	GrandEst
REG-44	2020-03-19	17	11	0	2	145	1	5511747	0.0750275145625856	0.0653510720381585	0.0880675552194599	0.046546453609735	GrandEst
REG-44	2020-03-20	18	11	0	2	191	1	5511747	0.0750275145625856	0.0653510720381585	0.0880675552194599	0.046546453609735	GrandEst
REG-44	2020-03-21	19	11	0	2	138	1	5511747	0.0750275145625856	0.0653510720381585	0.0880675552194599	0.046546453609735	GrandEst
REG-52	2020-03-05	0	1	0	1	1	0	3801797	0.00831955922865014	0.00645685452835029	0.0116927365649683	0.046546453609735	PaysLoire
REG-52	2020-03-06	1	1	0	1	8	0	3801797	0.00831955922865014	0.00645685452835029	0.0116927365649683	0.046546453609735	PaysLoire
REG-52	2020-03-07	2	1	0	1	2	0	3801797	0.00831955922865014	0.00645685452835029	0.0116927365649683	0.046546453609735	PaysLoire
REG-52	2020-03-08	3	1	0	1	0	0	3801797	0.00831955922865014	0.00645685452835029	0.0116927365649683	0.046546453609735	PaysLoire
REG-52	2020-03-09	4	1	0	1	0	0	3801797	0.00831955922865014	0.00645685452835029	0.0116927365649683	0.046546453609735	PaysLoire
REG-52	2020-03-10	5	1	0	1	9	0	3801797	0.00831955922865014	0.00645685452835029	0.0116927365649683	0.046546453609735	PaysLoire
REG-52	2020-03-11	6	1	0	1	7	0	3801797	0.00831955922865014	0.00645685452835029	0.0116927365649683	0.046546453609735	PaysLoire
REG-52	2020-03-12	7	1	0	1	7	0	3801797	0.00831955922865014	0.00645685452835029	0.0116927365649683	0.046546453609735	PaysLoire
REG-52	2020-03-13	8	1	0	1	14	0	3801797	0.00831955922865014	0.00645685452835029	0.0116927365649683	0.046546453609735	PaysLoire
REG-52	2020-03-14	9	1	0	1	27	0	3801797	0.00831955922865014	0.00645685452835029	0.0116927365649683	0.046546453609735	PaysLoire
REG-52	2020-03-15	10	1	0	1	16	0	3801797	0.00831955922865014	0.00645685452835029	0.0116927365649683	0.046546453609735	PaysLoire
REG-52	2020-03-16	11	1	0	1	10	0	3801797	0.00831955922865014	0.00645685452835029	0.0116927365649683	0.046546453609735	PaysLoire
REG-52	2020-03-17	12	1	0	1	18	0	3801797	0.00831955922865014	0.00645685452835029	0.0116927365649683	0.046546453609735	PaysLoire
REG-52	2020-03-18	13	1	0	1	2	1	3801797	0.00831955922865014	0.00645685452835029	0.0116927365649683	0.046546453609735	PaysLoire
REG-52	2020-03-19	14	1	0	1	32	1	3801797	0.00831955922865014	0.00645685452835029	0.0116927365649683	0.046546453609735	PaysLoire
REG-52	2020-03-20	15	1	0	1	30	1	3801797	0.00831955922865014	0.00645685452835029	0.0116927365649683	0.046546453609735	PaysLoire
REG-52	2020-03-21	16	1	0	1	44	1	3801797	0.00831955922865014	0.00645685452835029	0.0116927365649683	0.046546453609735	PaysLoire
REG-52	2020-03-22	17	1	0	1	36	1	3801797	0.00831955922865014	0.00645685452835029	0.0116927365649683	0.046546453609735	PaysLoire
REG-52	2020-03-23	18	1	0	1	23	1	3801797	0.00831955922865014	0.00645685452835029	0.0116927365649683	0.046546453609735	PaysLoire
REG-52	2020-03-24	19	1	0	1	50	1	3801797	0.00831955922865014	0.00645685452835029	0.0116927365649683	0.046546453609735	PaysLoire
REG-52	2020-03-25	20	1	0	1	25	1	3801797	0.00831955922865014	0.00645685452835029	0.0116927365649683	0.046546453609735	PaysLoire
REG-52	2020-03-06	1	1	0	2	10	0	3801797	0.00831955922865014	0.00645685452835029	0.0116927365649683	0.046546453609735	PaysLoire
REG-52	2020-03-07	2	1	0	2	4	0	3801797	0.00831955922865014	0.00645685452835029	0.0116927365649683	0.046546453609735	PaysLoire
REG-52	2020-03-08	3	1	0	2	13	0	3801797	0.00831955922865014	0.00645685452835029	0.0116927365649683	0.046546453609735	PaysLoire
REG-52	2020-03-09	4	1	0	2	8	0	3801797	0.00831955922865014	0.00645685452835029	0.0116927365649683	0.046546453609735	PaysLoire
REG-52	2020-03-10	5	1	0	2	7	0	3801797	0.00831955922865014	0.00645685452835029	0.0116927365649683	0.046546453609735	PaysLoire
REG-52	2020-03-11	6	1	0	2	9	0	3801797	0.00831955922865014	0.00645685452835029	0.0116927365649683	0.046546453609735	PaysLoire
REG-52	2020-03-12	7	1	0	2	8	0	3801797	0.00831955922865014	0.00645685452835029	0.0116927365649683	0.046546453609735	PaysLoire
REG-52	2020-03-13	8	1	0	2	9	0	3801797	0.00831955922865014	0.00645685452835029	0.0116927365649683	0.046546453609735	PaysLoire
REG-52	2020-03-14	9	1	0	2	6	0	3801797	0.00831955922865014	0.00645685452835029	0.0116927365649683	0.046546453609735	PaysLoire
REG-52	2020-03-15	10	1	0	2	15	0	3801797	0.00831955922865014	0.00645685452835029	0.0116927365649683	0.046546453609735	PaysLoire
REG-52	2020-03-16	11	1	0	2	16	0	3801797	0.00831955922865014	0.00645685452835029	0.0116927365649683	0.046546453609735	PaysLoire
REG-52	2020-03-17	12	1	0	2	24	0	3801797	0.00831955922865014	0.00645685452835029	0.0116927365649683	0.046546453609735	PaysLoire
REG-52	2020-03-18	13	1	0	2	17	1	3801797	0.00831955922865014	0.00645685452835029	0.0116927365649683	0.046546453609735	PaysLoire
REG-52	2020-03-19	14	1	0	2	23	1	3801797	0.00831955922865014	0.00645685452835029	0.0116927365649683	0.046546453609735	PaysLoire
REG-52	2020-03-20	15	1	0	2	32	1	3801797	0.00831955922865014	0.00645685452835029	0.0116927365649683	0.046546453609735	PaysLoire
REG-52	2020-03-21	16	1	0	2	18	1	3801797	0.00831955922865014	0.00645685452835029	0.0116927365649683	0.046546453609735	PaysLoire
REG-53	2020-03-02	0	12	0	1	12	0	3340379	0.0264524346037033	0.021543126146972	0.0342596117244005	0.046546453609735	Bretagne
REG-53	2020-03-03	1	12	0	1	6	0	3340379	0.0264524346037033	0.021543126146972	0.0342596117244005	0.046546453609735	Bretagne
REG-53	2020-03-04	2	12	0	1	4	0	3340379	0.0264524346037033	0.021543126146972	0.0342596117244005	0.046546453609735	Bretagne
REG-53	2020-03-05	3	12	0	1	6	0	3340379	0.0264524346037033	0.021543126146972	0.0342596117244005	0.046546453609735	Bretagne
REG-53	2020-03-06	4	12	0	1	3	0	3340379	0.0264524346037033	0.021543126146972	0.0342596117244005	0.046546453609735	Bretagne
REG-53	2020-03-07	5	12	0	1	8	0	3340379	0.0264524346037033	0.021543126146972	0.0342596117244005	0.046546453609735	Bretagne
REG-53	2020-03-08	6	12	0	1	0	0	3340379	0.0264524346037033	0.021543126146972	0.0342596117244005	0.046546453609735	Bretagne
REG-53	2020-03-09	7	12	0	1	0	0	3340379	0.0264524346037033	0.021543126146972	0.0342596117244005	0.046546453609735	Bretagne
REG-53	2020-03-10	8	12	0	1	41	0	3340379	0.0264524346037033	0.021543126146972	0.0342596117244005	0.046546453609735	Bretagne
REG-53	2020-03-11	9	12	0	1	13	0	3340379	0.0264524346037033	0.021543126146972	0.0342596117244005	0.046546453609735	Bretagne
REG-53	2020-03-12	10	12	0	1	23	0	3340379	0.0264524346037033	0.021543126146972	0.0342596117244005	0.046546453609735	Bretagne
REG-53	2020-03-13	11	12	0	1	38	0	3340379	0.0264524346037033	0.021543126146972	0.0342596117244005	0.046546453609735	Bretagne
REG-53	2020-03-14	12	12	0	1	27	0	3340379	0.0264524346037033	0.021543126146972	0.0342596117244005	0.046546453609735	Bretagne
REG-53	2020-03-15	13	12	0	1	25	0	3340379	0.0264524346037033	0.021543126146972	0.0342596117244005	0.046546453609735	Bretagne
REG-53	2020-03-16	14	12	0	1	26	0	3340379	0.0264524346037033	0.021543126146972	0.0342596117244005	0.046546453609735	Bretagne
REG-53	2020-03-17	15	12	0	1	14	0	3340379	0.0264524346037033	0.021543126146972	0.0342596117244005	0.046546453609735	Bretagne
REG-53	2020-03-18	16	12	0	1	26	1	3340379	0.0264524346037033	0.021543126146972	0.0342596117244005	0.046546453609735	Bretagne
REG-53	2020-03-19	17	12	0	1	24	1	3340379	0.0264524346037033	0.021543126146972	0.0342596117244005	0.046546453609735	Bretagne
REG-53	2020-03-20	18	12	0	1	49	1	3340379	0.0264524346037033	0.021543126146972	0.0342596117244005	0.046546453609735	Bretagne
REG-53	2020-03-21	19	12	0	1	13	1	3340379	0.0264524346037033	0.021543126146972	0.0342596117244005	0.046546453609735	Bretagne
REG-53	2020-03-22	20	12	0	1	38	1	3340379	0.0264524346037033	0.021543126146972	0.0342596117244005	0.046546453609735	Bretagne
REG-53	2020-03-23	21	12	0	1	93	1	3340379	0.0264524346037033	0.021543126146972	0.0342596117244005	0.046546453609735	Bretagne
REG-53	2020-03-24	22	12	0	1	36	1	3340379	0.0264524346037033	0.021543126146972	0.0342596117244005	0.046546453609735	Bretagne
REG-53	2020-03-25	23	12	0	1	77	1	3340379	0.0264524346037033	0.021543126146972	0.0342596117244005	0.046546453609735	Bretagne
REG-53	2020-03-03	1	12	0	2	1	0	3340379	0.0264524346037033	0.021543126146972	0.0342596117244005	0.046546453609735	Bretagne
REG-53	2020-03-04	2	12	0	2	0	0	3340379	0.0264524346037033	0.021543126146972	0.0342596117244005	0.046546453609735	Bretagne
REG-53	2020-03-05	3	12	0	2	0	0	3340379	0.0264524346037033	0.021543126146972	0.0342596117244005	0.046546453609735	Bretagne
REG-53	2020-03-06	4	12	0	2	2	0	3340379	0.0264524346037033	0.021543126146972	0.0342596117244005	0.046546453609735	Bretagne
REG-53	2020-03-07	5	12	0	2	0	0	3340379	0.0264524346037033	0.021543126146972	0.0342596117244005	0.046546453609735	Bretagne
REG-53	2020-03-08	6	12	0	2	0	0	3340379	0.0264524346037033	0.021543126146972	0.0342596117244005	0.046546453609735	Bretagne
REG-53	2020-03-09	7	12	0	2	0	0	3340379	0.0264524346037033	0.021543126146972	0.0342596117244005	0.046546453609735	Bretagne
REG-53	2020-03-10	8	12	0	2	1	0	3340379	0.0264524346037033	0.021543126146972	0.0342596117244005	0.046546453609735	Bretagne
REG-53	2020-03-11	9	12	0	2	0	0	3340379	0.0264524346037033	0.021543126146972	0.0342596117244005	0.046546453609735	Bretagne
REG-53	2020-03-12	10	12	0	2	3	0	3340379	0.0264524346037033	0.021543126146972	0.0342596117244005	0.046546453609735	Bretagne
REG-53	2020-03-13	11	12	0	2	1	0	3340379	0.0264524346037033	0.021543126146972	0.0342596117244005	0.046546453609735	Bretagne
REG-53	2020-03-14	12	12	0	2	7	0	3340379	0.0264524346037033	0.021543126146972	0.0342596117244005	0.046546453609735	Bretagne
REG-53	2020-03-15	13	12	0	2	8	0	3340379	0.0264524346037033	0.021543126146972	0.0342596117244005	0.046546453609735	Bretagne
REG-53	2020-03-16	14	12	0	2	14	0	3340379	0.0264524346037033	0.021543126146972	0.0342596117244005	0.046546453609735	Bretagne
REG-53	2020-03-17	15	12	0	2	17	0	3340379	0.0264524346037033	0.021543126146972	0.0342596117244005	0.046546453609735	Bretagne
REG-53	2020-03-18	16	12	0	2	14	1	3340379	0.0264524346037033	0.021543126146972	0.0342596117244005	0.046546453609735	Bretagne
REG-53	2020-03-19	17	12	0	2	23	1	3340379	0.0264524346037033	0.021543126146972	0.0342596117244005	0.046546453609735	Bretagne
REG-53	2020-03-20	18	12	0	2	13	1	3340379	0.0264524346037033	0.021543126146972	0.0342596117244005	0.046546453609735	Bretagne
REG-53	2020-03-21	19	12	0	2	14	1	3340379	0.0264524346037033	0.021543126146972	0.0342596117244005	0.046546453609735	Bretagne
REG-76	2020-03-02	0	5	0	1	5	0	5924858	0.028335747119199	0.0232522089598512	0.0362640019340801	0.046546453609735	Occitanie
REG-76	2020-03-03	1	5	0	1	1	0	5924858	0.028335747119199	0.0232522089598512	0.0362640019340801	0.046546453609735	Occitanie
REG-76	2020-03-04	2	5	0	1	2	0	5924858	0.028335747119199	0.0232522089598512	0.0362640019340801	0.046546453609735	Occitanie
REG-76	2020-03-05	3	5	0	1	2	0	5924858	0.028335747119199	0.0232522089598512	0.0362640019340801	0.046546453609735	Occitanie
REG-76	2020-03-06	4	5	0	1	7	0	5924858	0.028335747119199	0.0232522089598512	0.0362640019340801	0.046546453609735	Occitanie
REG-76	2020-03-07	5	5	0	1	18	0	5924858	0.028335747119199	0.0232522089598512	0.0362640019340801	0.046546453609735	Occitanie
REG-76	2020-03-08	6	5	0	1	0	0	5924858	0.028335747119199	0.0232522089598512	0.0362640019340801	0.046546453609735	Occitanie
REG-76	2020-03-09	7	5	0	1	0	0	5924858	0.028335747119199	0.0232522089598512	0.0362640019340801	0.046546453609735	Occitanie
REG-76	2020-03-10	8	5	0	1	25	0	5924858	0.028335747119199	0.0232522089598512	0.0362640019340801	0.046546453609735	Occitanie
REG-76	2020-03-11	9	5	0	1	26	0	5924858	0.028335747119199	0.0232522089598512	0.0362640019340801	0.046546453609735	Occitanie
REG-76	2020-03-12	10	5	0	1	46	0	5924858	0.028335747119199	0.0232522089598512	0.0362640019340801	0.046546453609735	Occitanie
REG-76	2020-03-13	11	5	0	1	39	0	5924858	0.028335747119199	0.0232522089598512	0.0362640019340801	0.046546453609735	Occitanie
REG-76	2020-03-14	12	5	0	1	42	0	5924858	0.028335747119199	0.0232522089598512	0.0362640019340801	0.046546453609735	Occitanie
REG-76	2020-03-15	13	5	0	1	29	0	5924858	0.028335747119199	0.0232522089598512	0.0362640019340801	0.046546453609735	Occitanie
REG-76	2020-03-16	14	5	0	1	19	0	5924858	0.028335747119199	0.0232522089598512	0.0362640019340801	0.046546453609735	Occitanie
REG-76	2020-03-17	15	5	0	1	49	0	5924858	0.028335747119199	0.0232522089598512	0.0362640019340801	0.046546453609735	Occitanie
REG-76	2020-03-18	16	5	0	1	60	1	5924858	0.028335747119199	0.0232522089598512	0.0362640019340801	0.046546453609735	Occitanie
REG-76	2020-03-19	17	5	0	1	73	1	5924858	0.028335747119199	0.0232522089598512	0.0362640019340801	0.046546453609735	Occitanie
REG-76	2020-03-20	18	5	0	1	93	1	5924858	0.028335747119199	0.0232522089598512	0.0362640019340801	0.046546453609735	Occitanie
REG-76	2020-03-21	19	5	0	1	74	1	5924858	0.028335747119199	0.0232522089598512	0.0362640019340801	0.046546453609735	Occitanie
REG-76	2020-03-22	20	5	0	1	60	1	5924858	0.028335747119199	0.0232522089598512	0.0362640019340801	0.046546453609735	Occitanie
REG-76	2020-03-23	21	5	0	1	96	1	5924858	0.028335747119199	0.0232522089598512	0.0362640019340801	0.046546453609735	Occitanie
REG-76	2020-03-24	22	5	0	1	133	1	5924858	0.028335747119199	0.0232522089598512	0.0362640019340801	0.046546453609735	Occitanie
REG-76	2020-03-25	23	5	0	1	182	1	5924858	0.028335747119199	0.0232522089598512	0.0362640019340801	0.046546453609735	Occitanie
REG-76	2020-03-03	1	5	0	2	0	0	5924858	0.028335747119199	0.0232522089598512	0.0362640019340801	0.046546453609735	Occitanie
REG-76	2020-03-04	2	5	0	2	0	0	5924858	0.028335747119199	0.0232522089598512	0.0362640019340801	0.046546453609735	Occitanie
REG-76	2020-03-05	3	5	0	2	4	0	5924858	0.028335747119199	0.0232522089598512	0.0362640019340801	0.046546453609735	Occitanie
REG-76	2020-03-06	4	5	0	2	2	0	5924858	0.028335747119199	0.0232522089598512	0.0362640019340801	0.046546453609735	Occitanie
REG-76	2020-03-07	5	5	0	2	4	0	5924858	0.028335747119199	0.0232522089598512	0.0362640019340801	0.046546453609735	Occitanie
REG-76	2020-03-08	6	5	0	2	8	0	5924858	0.028335747119199	0.0232522089598512	0.0362640019340801	0.046546453609735	Occitanie
REG-76	2020-03-09	7	5	0	2	7	0	5924858	0.028335747119199	0.0232522089598512	0.0362640019340801	0.046546453609735	Occitanie
REG-76	2020-03-10	8	5	0	2	13	0	5924858	0.028335747119199	0.0232522089598512	0.0362640019340801	0.046546453609735	Occitanie
REG-76	2020-03-11	9	5	0	2	9	0	5924858	0.028335747119199	0.0232522089598512	0.0362640019340801	0.046546453609735	Occitanie
REG-76	2020-03-12	10	5	0	2	10	0	5924858	0.028335747119199	0.0232522089598512	0.0362640019340801	0.046546453609735	Occitanie
REG-76	2020-03-13	11	5	0	2	38	0	5924858	0.028335747119199	0.0232522089598512	0.0362640019340801	0.046546453609735	Occitanie
REG-76	2020-03-14	12	5	0	2	45	0	5924858	0.028335747119199	0.0232522089598512	0.0362640019340801	0.046546453609735	Occitanie
REG-76	2020-03-15	13	5	0	2	47	0	5924858	0.028335747119199	0.0232522089598512	0.0362640019340801	0.046546453609735	Occitanie
REG-76	2020-03-16	14	5	0	2	57	0	5924858	0.028335747119199	0.0232522089598512	0.0362640019340801	0.046546453609735	Occitanie
REG-76	2020-03-17	15	5	0	2	52	0	5924858	0.028335747119199	0.0232522089598512	0.0362640019340801	0.046546453609735	Occitanie
REG-76	2020-03-18	16	5	0	2	46	1	5924858	0.028335747119199	0.0232522089598512	0.0362640019340801	0.046546453609735	Occitanie
REG-76	2020-03-19	17	5	0	2	39	1	5924858	0.028335747119199	0.0232522089598512	0.0362640019340801	0.046546453609735	Occitanie
REG-76	2020-03-20	18	5	0	2	27	1	5924858	0.028335747119199	0.0232522089598512	0.0362640019340801	0.046546453609735	Occitanie
REG-76	2020-03-21	19	5	0	2	35	1	5924858	0.028335747119199	0.0232522089598512	0.0362640019340801	0.046546453609735	Occitanie
REG-93	2020-03-03	0	1	0	1	1	0	5055651	0.052383020301813	0.0413772403738959	0.0713651826652862	0.046546453609735	PACA
REG-93	2020-03-04	1	1	0	1	3	0	5055651	0.052383020301813	0.0413772403738959	0.0713651826652862	0.046546453609735	PACA
REG-93	2020-03-05	2	1	0	1	5	0	5055651	0.052383020301813	0.0413772403738959	0.0713651826652862	0.046546453609735	PACA
REG-93	2020-03-06	3	1	0	1	8	0	5055651	0.052383020301813	0.0413772403738959	0.0713651826652862	0.046546453609735	PACA
REG-93	2020-03-07	4	1	0	1	12	0	5055651	0.052383020301813	0.0413772403738959	0.0713651826652862	0.046546453609735	PACA
REG-93	2020-03-08	5	1	0	1	0	0	5055651	0.052383020301813	0.0413772403738959	0.0713651826652862	0.046546453609735	PACA
REG-93	2020-03-09	6	1	0	1	0	0	5055651	0.052383020301813	0.0413772403738959	0.0713651826652862	0.046546453609735	PACA
REG-93	2020-03-10	7	1	0	1	51	0	5055651	0.052383020301813	0.0413772403738959	0.0713651826652862	0.046546453609735	PACA
REG-93	2020-03-11	8	1	0	1	22	0	5055651	0.052383020301813	0.0413772403738959	0.0713651826652862	0.046546453609735	PACA
REG-93	2020-03-12	9	1	0	1	36	0	5055651	0.052383020301813	0.0413772403738959	0.0713651826652862	0.046546453609735	PACA
REG-93	2020-03-13	10	1	0	1	65	0	5055651	0.052383020301813	0.0413772403738959	0.0713651826652862	0.046546453609735	PACA
REG-93	2020-03-14	11	1	0	1	69	0	5055651	0.052383020301813	0.0413772403738959	0.0713651826652862	0.046546453609735	PACA
REG-93	2020-03-15	12	1	0	1	49	0	5055651	0.052383020301813	0.0413772403738959	0.0713651826652862	0.046546453609735	PACA
REG-93	2020-03-16	13	1	0	1	75	0	5055651	0.052383020301813	0.0413772403738959	0.0713651826652862	0.046546453609735	PACA
REG-93	2020-03-17	14	1	0	1	73	0	5055651	0.052383020301813	0.0413772403738959	0.0713651826652862	0.046546453609735	PACA
REG-93	2020-03-18	15	1	0	1	96	1	5055651	0.052383020301813	0.0413772403738959	0.0713651826652862	0.046546453609735	PACA
REG-93	2020-03-19	16	1	0	1	119	1	5055651	0.052383020301813	0.0413772403738959	0.0713651826652862	0.046546453609735	PACA
REG-93	2020-03-20	17	1	0	1	133	1	5055651	0.052383020301813	0.0413772403738959	0.0713651826652862	0.046546453609735	PACA
REG-93	2020-03-21	18	1	0	1	215	1	5055651	0.052383020301813	0.0413772403738959	0.0713651826652862	0.046546453609735	PACA
REG-93	2020-03-22	19	1	0	1	331	1	5055651	0.052383020301813	0.0413772403738959	0.0713651826652862	0.046546453609735	PACA
REG-93	2020-03-23	20	1	0	1	138	1	5055651	0.052383020301813	0.0413772403738959	0.0713651826652862	0.046546453609735	PACA
REG-93	2020-03-24	21	1	0	1	85	1	5055651	0.052383020301813	0.0413772403738959	0.0713651826652862	0.046546453609735	PACA
REG-93	2020-03-25	22	1	0	1	332	1	5055651	0.052383020301813	0.0413772403738959	0.0713651826652862	0.046546453609735	PACA
REG-93	2020-03-04	1	1	0	2	6	0	5055651	0.052383020301813	0.0413772403738959	0.0713651826652862	0.046546453609735	PACA
REG-93	2020-03-05	2	1	0	2	12	0	5055651	0.052383020301813	0.0413772403738959	0.0713651826652862	0.046546453609735	PACA
REG-93	2020-03-06	3	1	0	2	15	0	5055651	0.052383020301813	0.0413772403738959	0.0713651826652862	0.046546453609735	PACA
REG-93	2020-03-07	4	1	0	2	19	0	5055651	0.052383020301813	0.0413772403738959	0.0713651826652862	0.046546453609735	PACA
REG-93	2020-03-08	5	1	0	2	25	0	5055651	0.052383020301813	0.0413772403738959	0.0713651826652862	0.046546453609735	PACA
REG-93	2020-03-09	6	1	0	2	36	0	5055651	0.052383020301813	0.0413772403738959	0.0713651826652862	0.046546453609735	PACA
REG-93	2020-03-10	7	1	0	2	22	0	5055651	0.052383020301813	0.0413772403738959	0.0713651826652862	0.046546453609735	PACA
REG-93	2020-03-11	8	1	0	2	43	0	5055651	0.052383020301813	0.0413772403738959	0.0713651826652862	0.046546453609735	PACA
REG-93	2020-03-12	9	1	0	2	22	0	5055651	0.052383020301813	0.0413772403738959	0.0713651826652862	0.046546453609735	PACA
REG-93	2020-03-13	10	1	0	2	75	0	5055651	0.052383020301813	0.0413772403738959	0.0713651826652862	0.046546453609735	PACA
REG-93	2020-03-14	11	1	0	2	41	0	5055651	0.052383020301813	0.0413772403738959	0.0713651826652862	0.046546453609735	PACA
REG-93	2020-03-15	12	1	0	2	39	0	5055651	0.052383020301813	0.0413772403738959	0.0713651826652862	0.046546453609735	PACA
REG-93	2020-03-16	13	1	0	2	44	0	5055651	0.052383020301813	0.0413772403738959	0.0713651826652862	0.046546453609735	PACA
REG-93	2020-03-17	14	1	0	2	58	0	5055651	0.052383020301813	0.0413772403738959	0.0713651826652862	0.046546453609735	PACA
REG-93	2020-03-18	15	1	0	2	56	1	5055651	0.052383020301813	0.0413772403738959	0.0713651826652862	0.046546453609735	PACA
REG-93	2020-03-19	16	1	0	2	71	1	5055651	0.052383020301813	0.0413772403738959	0.0713651826652862	0.046546453609735	PACA
REG-93	2020-03-20	17	1	0	2	76	1	5055651	0.052383020301813	0.0413772403738959	0.0713651826652862	0.046546453609735	PACA
REG-93	2020-03-21	18	1	0	2	61	1	5055651	0.052383020301813	0.0413772403738959	0.0713651826652862	0.046546453609735	PACA
REG-94	2020-03-10	0	37	0	1	37	0	344679	0.18974358974359	0.124161073825503	0.402173913043478	0.046546453609735	Corse
REG-94	2020-03-11	1	37	0	1	9	0	344679	0.18974358974359	0.124161073825503	0.402173913043478	0.046546453609735	Corse
REG-94	2020-03-12	2	37	0	1	13	0	344679	0.18974358974359	0.124161073825503	0.402173913043478	0.046546453609735	Corse
REG-94	2020-03-13	3	37	0	1	21	0	344679	0.18974358974359	0.124161073825503	0.402173913043478	0.046546453609735	Corse
REG-94	2020-03-14	4	37	0	1	21	0	344679	0.18974358974359	0.124161073825503	0.402173913043478	0.046546453609735	Corse
REG-94	2020-03-15	5	37	0	1	9	0	344679	0.18974358974359	0.124161073825503	0.402173913043478	0.046546453609735	Corse
REG-94	2020-03-16	6	37	0	1	11	0	344679	0.18974358974359	0.124161073825503	0.402173913043478	0.046546453609735	Corse
REG-94	2020-03-17	7	37	0	1	19	0	344679	0.18974358974359	0.124161073825503	0.402173913043478	0.046546453609735	Corse
REG-94	2020-03-18	8	37	0	1	7	1	344679	0.18974358974359	0.124161073825503	0.402173913043478	0.046546453609735	Corse
REG-94	2020-03-19	9	37	0	1	10	1	344679	0.18974358974359	0.124161073825503	0.402173913043478	0.046546453609735	Corse
REG-94	2020-03-20	10	37	0	1	6	1	344679	0.18974358974359	0.124161073825503	0.402173913043478	0.046546453609735	Corse
REG-94	2020-03-21	11	37	0	1	5	1	344679	0.18974358974359	0.124161073825503	0.402173913043478	0.046546453609735	Corse
REG-94	2020-03-22	12	37	0	1	10	1	344679	0.18974358974359	0.124161073825503	0.402173913043478	0.046546453609735	Corse
REG-94	2020-03-23	13	37	0	1	11	1	344679	0.18974358974359	0.124161073825503	0.402173913043478	0.046546453609735	Corse
REG-94	2020-03-24	14	37	0	1	23	1	344679	0.18974358974359	0.124161073825503	0.402173913043478	0.046546453609735	Corse
REG-94	2020-03-25	15	37	0	1	8	1	344679	0.18974358974359	0.124161073825503	0.402173913043478	0.046546453609735	Corse
REG-94	2020-03-11	1	37	0	2	19	0	344679	0.18974358974359	0.124161073825503	0.402173913043478	0.046546453609735	Corse
REG-94	2020-03-12	2	37	0	2	26	0	344679	0.18974358974359	0.124161073825503	0.402173913043478	0.046546453609735	Corse
REG-94	2020-03-13	3	37	0	2	38	0	344679	0.18974358974359	0.124161073825503	0.402173913043478	0.046546453609735	Corse
REG-94	2020-03-14	4	37	0	2	20	0	344679	0.18974358974359	0.124161073825503	0.402173913043478	0.046546453609735	Corse
REG-94	2020-03-15	5	37	0	2	35	0	344679	0.18974358974359	0.124161073825503	0.402173913043478	0.046546453609735	Corse
REG-94	2020-03-16	6	37	0	2	35	0	344679	0.18974358974359	0.124161073825503	0.402173913043478	0.046546453609735	Corse
REG-94	2020-03-17	7	37	0	2	33	0	344679	0.18974358974359	0.124161073825503	0.402173913043478	0.046546453609735	Corse
REG-94	2020-03-18	8	37	0	2	27	1	344679	0.18974358974359	0.124161073825503	0.402173913043478	0.046546453609735	Corse
REG-94	2020-03-19	9	37	0	2	39	1	344679	0.18974358974359	0.124161073825503	0.402173913043478	0.046546453609735	Corse
REG-94	2020-03-20	10	37	0	2	33	1	344679	0.18974358974359	0.124161073825503	0.402173913043478	0.046546453609735	Corse
REG-94	2020-03-21	11	37	0	2	16	1	344679	0.18974358974359	0.124161073825503	0.402173913043478	0.046546453609735	Corse
