rep,id,b,Dq,E0,A0,Di
1,IDF,0.691984881942797,6.1154551998068,237.595809164466,3383.21513046044,46.6069469695992
2,IDF,0.792076931057695,5.50622215580123,66.7550824978693,2951.67796426571,23.7868173220299
3,IDF,0.70584399295606,5.42851599149565,185.210884965297,3109.78559178419,55.018448911632
4,IDF,0.747183067988949,5.4879186802604,227.965361868357,3323.0698383052,26.5818430076182
5,IDF,0.671341009650815,6.19189010651694,62.4126563097367,3474.21117297237,77.79102462231
6,IDF,0.790432844810325,5.14718937653018,53.1208411020826,3197.79747795624,21.0063713413644
7,IDF,0.697849653001518,5.37797172987382,177.787395503177,3203.86830986139,57.8716968566371
8,IDF,0.772355444804679,4.98033775058209,155.212425711684,3068.28905093194,25.9297384050148
9,IDF,0.640335928635784,6.40909395772475,171.528192762615,3636.83001573477,118.519992726378
10,IDF,0.71764568549886,5.58213942202579,363.694491637255,3201.78172239236,39.357338662335
1,NAquitaine,0.659650095999516,3.17246607074657,279.846527808266,1834.02120808611,38.5534328764668
2,NAquitaine,0.810630593811658,2.5297733494816,412.56349091629,1414.76612753499,14.178344017111
3,NAquitaine,0.80346270127069,2.01826582191552,349.900183265375,1203.11858540201,20.765281759691
4,NAquitaine,0.744709572948928,3.28683966010918,197.031639533817,1554.31951547153,23.8334290719348
5,NAquitaine,0.788502010894309,2.05600415720553,434.584208046437,1025.17662145194,31.885714506041
6,NAquitaine,0.940897025657846,2.09106473509122,403.105609327506,1217.04892115363,10.5468440872431
7,NAquitaine,0.78706800086451,3.65825610963812,719.273224819477,1145.74588152761,20.2883487256438
8,NAquitaine,0.769916169431462,2.07719718086999,299.199988931217,1343.70879718586,23.5940086395157
9,NAquitaine,0.763066947240542,1.93162219086727,421.481755698729,1271.4817367982,30.2558153614808
10,NAquitaine,0.91373527716686,2.43788025929296,363.670167691951,878.842434713808,18.7919067043491
1,AURA,0.539614124852392,6.59123970452339,217.795943117141,2570.21963327284,71.9246521875176
2,AURA,0.555754918946022,5.71537617974904,411.098635441536,2649.0371252652,37.5792842616317
3,AURA,0.642164715214296,4.93395887148475,426.353313360594,2000.26502702866,26.9509189002754
4,AURA,0.545383682786991,6.35564837867815,362.072570578155,2575.19440066891,53.1162499686025
5,AURA,0.576924083068762,6.47451923291137,207.940923388169,2494.09752938953,40.3435454367889
6,AURA,0.541130315854917,6.07625313378238,434.212491315506,2463.61777029035,56.7834385207836
7,AURA,0.593765223269326,5.18871591444218,158.5982537582,2480.39714545772,31.6571026423332
8,AURA,0.543727499520932,5.52306964822962,165.917587490252,2911.51871123435,45.1334067261384
9,AURA,0.605185637017142,5.69758392947856,385.330702911982,2282.24504974818,31.0291166840088
10,AURA,0.539457891436842,5.46030086486376,580.178192520034,2623.38529150136,50.5552654322712
1,Centre,0.856656828520769,16.6042306687822,839.976797319762,150.64166672547,47.4786685955251
2,Centre,1.06089107104578,8.78462030999459,539.482904578877,111.788773656332,34.213945519643
3,Centre,0.951907857336914,14.4289527175466,362.811925832854,328.159646436624,32.6299981481299
4,Centre,0.952948011183237,14.3893175316563,591.058451537883,179.191886026307,51.4097281723565
5,Centre,0.992860623280789,10.0862808417715,390.350714551907,268.164360656985,30.1377002498601
6,Centre,0.967344336922062,12.303437497589,568.035291378168,185.673886426147,41.1696470060971
7,Centre,0.965495868482714,11.6464923200629,525.64420738693,159.66872224499,90.4482847037832
8,Centre,0.913104027674538,13.4133641387523,468.436187173605,279.908202744386,54.6282148144154
9,Centre,0.969038887633894,14.689093653815,419.838677916558,231.879806330476,61.8922457578802
10,Centre,0.97063072132745,14.9581406921371,404.190390336648,200.007392513145,66.7513798418365
1,BFC,1.03083381069565,1.31792165550551,319.177495383534,704.103581868181,6.08675026620552
2,BFC,0.719582463133446,1.78570987073109,434.846431444422,937.264433266001,12.3838166577949
3,BFC,0.74696948665594,2.1300903107012,420.307872338207,1040.25131772412,9.47301565245874
4,BFC,0.743636858054679,1.74321271872582,402.64548173799,874.728963226627,11.2073559151439
5,BFC,0.988147336646931,1.35061595052274,519.885523912128,613.200710028822,6.53017411556213
6,BFC,0.745109201543739,2.02712663996643,176.666529731415,1235.04379772965,9.50783743732257
7,BFC,0.725549946043569,1.92206244072714,440.331819458495,1049.78229891816,10.3543442228832
8,BFC,0.831602380747192,1.79417520881927,506.30965139767,784.359863317767,8.57805843309418
9,BFC,0.86272241910379,1.59465424404324,879.04345247518,603.839583943603,7.71716351071364
10,BFC,0.804198324297703,2.18422026339146,260.50293370262,1254.18937124293,7.45063729122633
1,Normandie,0.993030543941452,12.9521457571938,2555.22998769619,2170.62065800983,11.0992410255452
2,Normandie,1.1217666070685,9.03340267692128,3451.12823975663,1688.43891701368,7.7550459071178
3,Normandie,0.863100295081707,10.9188050681203,3198.17759725003,2416.36313680824,15.0609807683663
4,Normandie,1.16124465780663,7.48069967413681,4515.88495678002,249.92617182884,9.21452299967137
5,Normandie,0.878860509074409,9.6639005144818,3800.6704070238,1963.25379590151,12.2814372681903
6,Normandie,1.1199685851764,8.15984773975781,4702.05183592524,803.874949593074,7.60162702706686
7,Normandie,0.805240432208354,12.4667378543805,4117.64124732225,1249.64682981316,59.9814892959533
8,Normandie,1.04259965867467,7.84648319868531,4580.74526715261,669.653833082947,11.6871772563254
9,Normandie,0.951028234235302,12.4712577347943,4528.58397081558,780.8966418956,14.6291729424308
10,Normandie,0.8369220199981,11.4931934380374,4729.18504018025,1487.64087061418,17.8927841561933
1,HDF,0.56808541515944,13.5495949924417,3547.45153272346,596.786815693569,90.7359859950258
2,HDF,0.603974105346254,13.0987650695601,3393.54363630024,751.506204866762,47.726296416262
3,HDF,0.569765819829177,12.9655359471301,2733.37236835511,1049.20302912494,81.2615853276623
4,HDF,0.575534726330332,10.7594670146879,3305.2794110028,866.556058232136,62.7768920740854
5,HDF,0.56796175308311,12.858851505532,3113.8361011336,900.191804887421,84.0243109517134
6,HDF,0.604738630072019,9.57204588670566,3464.15866368291,416.823722056804,83.2001694593579
7,HDF,0.608007085106548,13.4522881478564,2991.49301819591,544.271223241424,101.54283092432
8,HDF,0.530343649655461,13.4672951908466,3689.66267653007,801.258965615512,202.204336860305
9,HDF,0.576531067203223,13.7560862921057,4194.13115655816,280.865332556101,95.584446747654
10,HDF,0.572350847292316,11.786130976199,3630.33224389449,563.374329648841,74.63252757988
1,GrandEst,0.605022336437863,7.92169036366457,332.518174496806,4262.26696719523,22.4076559402725
2,GrandEst,0.572918368509976,8.00293603437342,333.627067652128,4310.46887502676,29.681301394115
3,GrandEst,0.575852835936278,7.44183757636081,285.601556022935,4159.06150989082,32.5436403838065
4,GrandEst,0.589437001869293,8.38124952982374,227.403337071905,4240.02135012351,26.4744236248718
5,GrandEst,0.583986251722862,8.65485444088684,647.685499058302,4122.25851520609,26.9172429488818
6,GrandEst,0.586870448770541,7.80096293307051,229.399111365228,4187.48754219307,28.2878732069945
7,GrandEst,0.585202557092883,8.32687003752244,206.422780858603,4282.76434211664,27.3112252142227
8,GrandEst,0.545392026905772,9.20588655933323,565.891299563456,4327.91885809355,40.2855823624744
9,GrandEst,0.597667558829984,7.90953249753481,375.453595578287,4160.59548587926,23.9824600093822
10,GrandEst,0.60205852165286,8.01850006876622,508.66150621189,3915.49413534342,27.7337908420232
1,PaysLoire,0.676338978606352,0.270592665661202,2516.65222830938,3451.11303926004,11.2377283916998
2,PaysLoire,0.531003314722861,0.228917384820955,1628.87997080601,3898.48423925603,26.4088156820962
3,PaysLoire,0.452868097957635,0.181647885440421,1431.19966483033,4902.60010766388,57.1916643290019
4,PaysLoire,0.619001456218348,0.139203263287569,2633.64773596279,2425.67179443585,20.8129533592276
5,PaysLoire,0.583666165827219,0.404006649441668,4144.21951668371,1363.50830164061,45.5902632702818
6,PaysLoire,0.868957981078384,0.150394862070062,2594.54562389373,2205.12948078936,7.87411567819979
7,PaysLoire,0.65695336244982,0.22635119366107,2037.88220345933,2715.48388926001,16.6204269479581
8,PaysLoire,0.559902953246761,0.184876309586123,1597.3164988222,4663.21280280709,18.0093627854125
9,PaysLoire,0.764102118340938,0.131373954650176,2497.26594347211,2309.19063513745,10.5861395694703
10,PaysLoire,0.910075964218734,0.0542230425134639,1585.75294911756,2255.15046824842,7.3098906939491
1,Bretagne,0.728236402007776,10.9007394264618,1334.89116337129,433.10025034108,11.5203578688421
2,Bretagne,0.567868173907459,12.6563157011423,1092.55109089623,1025.77988063914,21.7292492433074
3,Bretagne,0.744465791826315,7.31620716298382,1053.83313150715,918.972753464419,9.11484013416532
4,Bretagne,0.502404083219609,12.2662772400997,985.326541872624,1450.78624672379,29.2058879814559
5,Bretagne,0.787947570279759,10.0152434493093,939.713438032226,643.347052868364,10.0967473340581
6,Bretagne,0.570687908108975,11.3127283211751,984.339385230553,1185.38270632373,18.5044274361735
7,Bretagne,0.810759179407578,7.93760458119449,987.457514088792,895.728636960197,7.68983476684773
8,Bretagne,0.514297336772275,11.357589920453,1515.48222852204,912.2047339818,26.6704516449405
9,Bretagne,0.746364925053394,11.5057326532839,1452.4727442447,495.207252331814,10.0133960778792
10,Bretagne,0.591854365378175,9.97191206478118,1290.75589599294,786.366741671638,17.3941451339872
1,Occitanie,0.605629331778514,1.29739735179207,117.370346183214,1691.82907392121,62.1013971982408
2,Occitanie,0.609708983382273,3.32571805469652,367.367568817293,1870.63827574833,37.569110415374
3,Occitanie,0.636039192813665,2.48475763941734,210.478903298043,1592.6928937365,42.7642427513111
4,Occitanie,0.62785859349771,2.50744704280477,235.505114360548,1757.85487802117,37.5469004557185
5,Occitanie,0.553048671671163,3.33306949700033,382.982838740056,2307.67801107068,38.5748072143524
6,Occitanie,0.591195011766689,2.20104560349431,234.309046989022,2033.55831175029,34.5034497064064
7,Occitanie,0.632148539902672,1.67105369024645,275.039181823921,1451.93872326323,75.2930416948459
8,Occitanie,0.599520232675468,2.75079617014806,315.397344524304,2160.5095493181,30.6659836851094
9,Occitanie,0.574601932553882,2.10006053893075,131.321645069226,2232.27250135249,35.4700716757283
10,Occitanie,0.579321172569948,2.36159979294263,399.152020884492,1894.26274696759,47.9184058016702
1,PACA,1.18345903519326,1.14335335695789,247.962338767307,1244.45046871621,5.50106667060308
2,PACA,1.62403605000023,1.15926127724095,116.89384113552,1180.13451579361,3.24148223121373
3,PACA,0.883417632627287,1.21003963835804,190.013326611879,1225.80465239976,13.1493653661662
4,PACA,0.772544129219277,1.623839375183,215.242101119076,1443.22525704201,19.7345465518818
5,PACA,1.2348401679609,1.30886978359864,203.057383058981,1203.99128942843,5.35404062719369
6,PACA,1.73855464194197,0.833143968220319,99.4329959483526,1018.7929960823,3.10178428931121
7,PACA,0.799626033185436,1.70705207964976,236.084933333364,1342.30493293353,17.1029985575597
8,PACA,0.750432202512106,1.43299164858358,318.724830532386,1478.86916826454,19.8408272472444
9,PACA,1.44288116573565,1.01301972012071,199.857131977557,1146.80571435223,4.04818009085239
10,PACA,1.80890023331977,1.03372291116203,156.554122126873,1027.16326258377,2.86626470545072
1,Corse,0.637851211467737,0.0191288196584124,751.92801006808,280.241833624173,3.28537317761347
2,Corse,0.706056733263871,0.0358384965743576,587.588400178801,725.740693541083,2.17749326563835
3,Corse,0.687271947284607,0.0428030030511313,696.101133771337,424.631987628403,2.51078937361915
4,Corse,0.384748790032955,0.133310444391872,592.333116592167,629.5921508253,4.61710416135904
5,Corse,0.839186697318388,0.00645688271091394,669.552504984356,330.394477221494,2.32263860856828
6,Corse,0.671360521914501,0.11060733445675,600.832441400546,427.144931234046,2.87896618823621
7,Corse,0.543386910599975,0.120653373716162,600.229977373158,632.070274206131,3.41849377186713
8,Corse,0.419601390409324,0.0547353758248711,798.479546444641,644.416814048741,3.62113826411961
9,Corse,0.585677398591812,0.0197450153210612,702.425382972004,250.171254317228,3.70240817636584
10,Corse,0.781077926595757,0.0235911877855909,500.446579181884,752.601514255719,2.09221568512028
