rep,id,b1,Dq,E0,A0,beta,eta_b1,eta_Dq,eta_E0,eta_A0,eta_beta
1,1,-0.192199839689057,0.891741386131756,7.26795632651687,7.71981421415346,-0.369074621009392,-0.000953821548848294,0.380342584881248,0.369948463473635,2.27476723426521,0
2,1,-0.176866429017876,0.916558714638195,7.7678733410942,7.43258640654407,-0.369074621009392,0.0143795891223333,0.405159913387687,0.869865478050963,1.98753942665582,0
3,1,-0.174384796766374,0.773387697667423,7.29480880091433,7.60726514565345,-0.369074621009392,0.016861221373835,0.261988896416915,0.396800937871101,2.1622181657652,0
4,1,-0.178196050080492,0.859811890139023,7.67856375658702,7.48120773790765,-0.369074621009392,0.0130499680597171,0.348413088888514,0.78055589354379,2.0361607580194,0
5,1,-0.179894543623248,0.874048367711741,7.307781917325,7.64496929282972,-0.369074621009392,0.0113514745169607,0.362649566461232,0.409774054281769,2.19992231294147,0
1,2,-0.053255353162848,0.187391503404504,5.86020832811072,5.75297048926148,-0.369074621009392,0.137990664977361,-0.324007297846004,-1.03779953493251,0.307923509373233,0
2,2,-0.0757998477695929,0.163215490098644,6.72562662445637,4.53082155262708,-0.369074621009392,0.115446170370616,-0.348183311151865,-0.172381238586858,-0.914225427261169,0
3,2,-0.0910395062420244,-0.110837713487031,6.14131724093026,5.70577998527625,-0.369074621009392,0.100206511898185,-0.622236514737539,-0.756690622112975,0.260733005387995,0
4,2,-0.0671267401329969,0.0107890603181668,6.47233924037111,5.18275014128796,-0.369074621009392,0.124119278007212,-0.500609740932342,-0.425668622672124,-0.262296838600292,0
5,2,-0.0316857374574384,-0.303158839008552,6.61900516248536,4.22306323009848,-0.369074621009392,0.159560280682771,-0.81455764025906,-0.279002700557873,-1.22198374978977,0
1,3,-0.233494041488054,0.541311070616893,6.27399977847434,6.51085095688538,-0.369074621009392,-0.0422480233478449,0.0299122693663844,-0.624008084568889,1.06580397699713,0
2,3,-0.243369759328199,0.682520527687844,7.17926047541353,5.53656730862158,-0.369074621009392,-0.0521237411879902,0.171121726437335,0.281252612370293,0.0915203287333242,0
3,3,-0.251086927618523,0.637925893371428,6.5580360139726,6.47979129765341,-0.369074621009392,-0.0598409094783139,0.12652709212092,-0.339971849070635,1.03474431776516,0
4,3,-0.228159941707427,0.607657901308734,6.35473298250729,6.38283492103154,-0.369074621009392,-0.0369139235672176,0.0962591000582258,-0.54327488053594,0.937787941143288,0
5,3,-0.239526997013051,0.660956374231023,6.77353095957149,6.21211768405525,-0.369074621009392,-0.048280978872842,0.149557572980515,-0.124476903471741,0.767070704167,0
1,4,0.115158210283038,1.3736638772478,5.8521665377681,3.25813507545131,-0.369074621009392,0.306404228423247,0.862265075997295,-1.04584132527514,-2.18691190443694,0
2,4,0.0981747959532299,1.77590515379277,6.0833654417467,3.26475771127085,-0.369074621009392,0.289420814093439,1.26450635254226,-0.814642421296536,-2.18028926861741,0
3,4,0.055067057260043,1.51759663026968,6.08343843557749,3.76989255978248,-0.369074621009392,0.246313075400252,1.00619782901917,-0.814569427465742,-1.67515442010577,0
4,4,0.116376152980448,1.19760274630877,5.74551985479888,3.61574906779164,-0.369074621009392,0.307622171120657,0.68620394505826,-1.15248800824435,-1.82929791209661,0
5,4,0.0815028982670792,1.38677975328619,6.15192156518618,1.90879135957886,-0.369074621009392,0.272748916407288,0.875380952035678,-0.74608629785705,-3.53625562030939,0
1,5,-0.281572111091508,0.223995465805124,6.36215475695841,5.62235873970286,-0.369074621009392,-0.0903260929512995,-0.287403335445384,-0.535853106084824,0.177311759814608,0
2,5,-0.274505426653344,-0.112191883516785,6.53444938093592,5.2433504000408,-0.369074621009392,-0.0832594085131349,-0.623590684767293,-0.363558482107309,-0.201696579847455,0
3,5,-0.273775264377816,-0.125608551156926,5.94826674842514,5.86781553011898,-0.369074621009392,-0.0825292462376072,-0.637007352407434,-0.949741114618091,0.422768550230729,0
4,5,-0.346210741493078,0.136099159068912,5.99054175832336,6.26094034258156,-0.369074621009392,-0.154964723352869,-0.375299642181597,-0.907466104719874,0.815893362693314,0
5,5,-0.319139323377925,-0.0106846945227135,6.18033122471763,6.00998703200958,-0.369074621009392,-0.127893305237716,-0.522083495773222,-0.717676638325599,0.564940052121334,0
1,6,-0.181081494077356,1.62552264527732,8.51003084486972,4.28977164552105,-0.369074621009392,0.0101645240628528,1.11412384402681,1.61202298182649,-1.1552753343672,0
2,6,-0.108039219097953,1.76140504158486,8.25292080609651,4.49868919310202,-0.369074621009392,0.0832067990422558,1.25000624033435,1.35491294305328,-0.946357786786231,0
3,6,-0.0830465899412979,1.61943011763005,8.34938124929718,1.48085859966797,-0.369074621009392,0.108199428198911,1.10803131637954,1.45137338625395,-3.96418838022028,0
4,6,-0.164487509294169,1.76310083550222,8.54525919997037,3.92249632927627,-0.369074621009392,0.0267585088460404,1.25170203425171,1.64725133692714,-1.52255065061198,0
5,6,-0.092965200068987,1.61891067651641,8.16217712885076,5.63093205442049,-0.369074621009392,0.098280818071222,1.1075118752659,1.26416926580753,0.18588507453224,0
1,7,-0.282331133017034,1.36052229646592,8.19594386043958,5.64337074322741,-0.369074621009392,-0.0910851148768252,0.84912349521541,1.29793599739635,0.198323763339158,0
2,7,-0.249612683171256,1.28213208831494,8.21531247087901,4.01053215836467,-0.369074621009392,-0.0583666650310475,0.770733287064428,1.31730460783577,-1.43451482152359,0
3,7,-0.200901885810509,1.04449659955835,7.96243008351107,4.40909212230246,-0.369074621009392,-0.00965586767030013,0.533097798307843,1.06442222046783,-1.03595485758579,0
4,7,-0.232952100912237,1.20880750416936,7.95702903961601,5.43227228327257,-0.369074621009392,-0.0417060827720278,0.697408702918855,1.05902117657277,-0.0127746966156819,0
5,7,-0.288283335358327,1.24542720981502,8.25693805347739,5.09855180289727,-0.369074621009392,-0.0970373172181176,0.734028408564507,1.35893019043415,-0.346495176990983,0
1,8,-0.208261664006401,0.91669223384682,6.76892733600808,7.30595511335079,-0.369074621009392,-0.0170156458661918,0.405293432596312,-0.129080527035152,1.86090813346254,0
2,8,-0.231280470270619,1.06440493248758,6.642606050471,7.40879904896216,-0.369074621009392,-0.0400344521304103,0.553006131237072,-0.255401812572233,1.96375206907391,0
3,8,-0.209734101087574,1.02803825503426,6.91795289702718,7.22968778497975,-0.369074621009392,-0.0184880829473647,0.516639453783751,0.0199450339839498,1.7846408050915,0
4,8,-0.213448400495403,1.10242411438803,6.53628616681482,7.39520849188396,-0.369074621009392,-0.0222023823551942,0.591025313137521,-0.361721696228416,1.95016151199571,0
5,8,-0.222439204366061,1.02621468415344,6.10501080356608,7.46822655121202,-0.369074621009392,-0.0311931862258524,0.514815882902933,-0.792997059477154,2.02317957132377,0
1,9,-0.295966018148112,-2.11846285370133,7.84876396500416,4.86711010425553,-0.369074621009392,-0.104720000007903,-2.62986165495184,0.950756101960923,-0.577936875632726,0
2,9,-0.27390665093188,-1.18026473059743,7.54930691200875,6.06379167125227,-0.369074621009392,-0.0826606327916705,-1.69166353184794,0.651299048965519,0.618744691364018,0
3,9,-0.282938382207932,-1.52006649926262,7.99591824113871,4.35757137755183,-0.369074621009392,-0.091692364067723,-2.03146530051313,1.09791037809547,-1.08747560233642,0
4,9,-0.326860927495699,-0.865937209094764,7.4534243400036,6.72224951387234,-0.369074621009392,-0.13561490935549,-1.37733601034527,0.555416476960366,1.27720253398409,0
5,9,-0.356784460773934,-2.72860305875632,6.67132638409776,7.22804135702933,-0.369074621009392,-0.165538442633725,-3.24000186000683,-0.22668147894547,1.78299437714108,0
1,10,-0.362899126214689,1.44899366458287,7.44130780651869,3.83157104404942,-0.369074621009392,-0.17165310807448,0.93759486333236,0.543299943475455,-1.61347593583883,0
2,10,-0.37647882128737,1.33226519451309,7.49541897973882,3.88605643626222,-0.369074621009392,-0.185232803147161,0.820866393262584,0.59741111669559,-1.55899054362603,0
3,10,-0.33487913176626,1.40687337440014,7.26836393179238,5.02244396890265,-0.369074621009392,-0.143633113626051,0.895474573149634,0.370356068749145,-0.422603010985604,0
4,10,-0.294381989228484,1.25386734341747,7.11122826549712,4.44240406357417,-0.369074621009392,-0.103135971088275,0.742468542166964,0.213220402453889,-1.00264291631408,0
5,10,-0.319272694750991,1.4942127624503,7.23879353276194,4.98549289643162,-0.369074621009392,-0.128026676610782,0.982813961199793,0.340785669718711,-0.459554083456628,0
1,11,-0.1784079715026,-0.443557002248538,6.77552001727555,5.09228678434083,-0.369074621009392,0.0128380466376091,-0.954955803499046,-0.122487845767685,-0.352760195547417,0
2,11,-0.204071059907648,-0.13636167613943,5.94783226460195,6.23271774692503,-0.369074621009392,-0.0128250417674393,-0.647760477389939,-0.950175598441285,0.787670767036774,0
3,11,-0.132768615153665,-0.463541342237539,5.81560953106352,5.80378199235324,-0.369074621009392,0.0584774029865437,-0.974940143488047,-1.08239833197971,0.358735012464987,0
4,11,-0.166620157916262,-0.455235430065365,6.03985593787919,5.87021907623842,-0.369074621009392,0.0246258602239473,-0.966634231315874,-0.858151925164043,0.425172096350173,0
5,11,-0.190894946469358,-0.683467411499391,6.79698365729503,5.19962302639461,-0.369074621009392,0.00035107167085055,-1.1948662127499,-0.101024205748208,-0.245423953493643,0
1,12,-0.130011585697347,-0.29064999380037,5.35813641702382,6.08760282925048,-0.369074621009392,0.0612344324428618,-0.802048795050879,-1.53987144601942,0.642555849362231,0
2,12,-0.156044264584906,-0.131221399046305,6.46463472272693,5.68355250359543,-0.369074621009392,0.0352017535553031,-0.642620200296813,-0.4333731403163,0.238505523707177,0
3,12,-0.169007420611771,-0.0762160651623824,5.56797617306342,6.21912800907537,-0.369074621009392,0.022238597528438,-0.587614866412891,-1.33003168997981,0.77408102918712,0
4,12,-0.211358867255958,-0.2376431354285,5.41599506239955,6.44633302243057,-0.369074621009392,-0.0201128491157485,-0.749041936679009,-1.48201280064368,1.00128604254232,0
5,12,-0.113869795619852,-0.456432374355779,5.93998137517693,5.81568482201909,-0.369074621009392,0.0773762225203568,-0.967831175606287,-0.958026487866301,0.370637842130836,0
