rep,id,b,Dq,E0,A0,eta_b,eta_Dq,eta_E0,eta_A0
1,1,0.15344236289287,0.656553132735804,4.99907239662235,7.40485345149361,0.138511041330583,0.648713663169713,-1.44558667686039,1.46883826403777
2,1,0.163981327701202,0.545593600638436,5.76336538945172,7.2999240671583,0.149050006138914,0.537754131072345,-0.681293684031024,1.36390887970246
3,1,0.15600599178562,0.599999480379255,5.32974004364753,7.37365430139219,0.141074670223333,0.592160010813164,-1.11491902983521,1.43763911393635
4,1,0.156442074977703,0.612445316634956,5.16679668053519,7.40156087477265,0.141510753415415,0.604605847068865,-1.27786239294756,1.46554568731681
1,2,0.168091623876642,-0.513089208577096,5.23978460152787,6.42036863533674,0.153160302314355,-0.520928678143186,-1.20487447195488,0.484353447880903
2,2,0.202396792004938,-0.63794181009583,6.06363443336696,6.00763784259607,0.18746547044265,-0.645781279661921,-0.381024640115792,0.0716226551402306
3,2,0.150807203881039,-0.118699832687546,6.13273696931161,6.27964980038542,0.135875882318752,-0.126539302253636,-0.311922104171143,0.343634612929586
4,2,0.153887893455233,-0.0522487652681433,6.40886168451092,6.13797212869077,0.138956571892945,-0.060088234834234,-0.0357973889718286,0.201956941234935
1,3,0.0468268181033268,0.514655248153585,6.18233224191529,6.73486984180022,0.0318954965410393,0.506815778587494,-0.262326831567462,0.798854654344381
2,3,0.0515057080802549,0.41009766947885,6.30951566091513,6.72116151895946,0.0365743865179673,0.402258199912759,-0.135143412567619,0.785146331503623
3,3,0.0270783292756893,0.398171132190595,6.16401830580797,6.85925923047818,0.0121470077134017,0.390331662624505,-0.28064076767478,0.923244043022346
4,3,0.0540129065759203,0.488547144804087,6.36604016654029,6.66770635483186,0.0390815850136328,0.480707675237997,-0.0786189069424568,0.731691167376018
1,4,0.372584729634195,1.55321062760362,6.09225356885919,2.73862760187199,0.357653408071907,1.54537115803753,-0.35240550462356,-3.19738758558385
2,4,0.339556835311583,1.47713280957203,6.15899790154344,2.633971819293,0.324625513749296,1.46929334000594,-0.285661171939306,-3.30204336816284
3,4,0.365890880083281,1.43350812451098,5.82261167614486,4.01564151794014,0.350959558520993,1.42566865494489,-0.622047397337885,-1.9203736695157
4,4,0.295426186825625,1.42362690717584,6.02436444772394,4.25899306346379,0.280494865263338,1.41578743760975,-0.420294625758805,-1.67702212399205
1,5,-0.0358158534344521,-0.0543655067424043,5.86060725107733,6.40948050896868,-0.0507471749967396,-0.0622049763084949,-0.584051822405414,0.473465321512844
2,5,-0.0643159151829903,0.0746152307902019,6.24026863506545,6.36026236263935,-0.0792472367452779,0.0667757612241112,-0.204390438417297,0.424247175183512
3,5,-0.0152245267485019,-0.299415355912004,5.80265206355214,6.28438121886473,-0.0301558483107894,-0.307254825478094,-0.642007009930604,0.348366031408889
4,5,-0.0230298042708789,-0.121008222875117,6.08236296027146,6.21155458951405,-0.0379611258331664,-0.128847692441207,-0.362296113211285,0.275539402058206
1,6,0.132776315979525,1.55673060767206,8.09509878934677,6.65332889136982,0.117844994417237,1.54889113810597,1.65043971586402,0.717313703913985
2,6,0.203702117283023,1.94662489279426,8.25791771283336,4.75052439596737,0.188770795720735,1.93878542322817,1.81325863935062,-1.18549079148847
3,6,0.104055888443035,1.73540145553961,8.47274927035439,5.4517029712054,0.0891245668807479,1.72756198597352,2.02809019687164,-0.484312216250441
4,6,0.0722640954863982,1.7688329019881,8.40367475995141,5.66139662962825,0.0573327739241106,1.76099343242201,1.95901568646866,-0.274618557827592
1,7,0.0104315401158896,1.10146829400092,7.82199679518016,5.23218789151686,-0.00449978144639796,1.09362882443483,1.37733772169741,-0.703827295938978
2,7,0.0398632943381199,1.22420660198485,7.8192683054629,3.77986341028834,0.0249319727758323,1.21636713241876,1.37460923198016,-2.15615177716749
3,7,0.0466390405256531,1.14177103690587,7.74087295541433,4.0021424754286,0.0317077189633656,1.13393156733978,1.29621388193158,-1.93387271202724
4,7,0.0894800210747966,1.17589095308233,7.56809944422193,4.81973964871902,0.0745486995125091,1.16805148351624,1.12344037073919,-1.11627553873682
1,8,0.0461222291975315,1.00316903190046,6.00910315401413,7.47225148632173,0.031190907635244,0.995329562334366,-0.435555919468619,1.53623629886589
2,8,0.0331022793262526,0.991334047270334,6.42027916182388,7.47232194850555,0.018170957763965,0.983494577704244,-0.0243799116588708,1.53630676104971
3,8,0.034044877306783,1.02887661549448,5.57125674064696,7.59321385889225,0.0191135557444954,1.02103714592838,-0.87340233283579,1.65719867143642
4,8,0.0325867001946772,0.98186007280466,5.88306252682748,7.56593429712563,0.0176553786323897,0.974020603238569,-0.56159654665527,1.62991910966979
1,9,-0.085596896201939,-2.59819108046095,7.85172972151874,6.98037364448078,-0.100528217764227,-2.60603055002704,1.407070648036,1.04435845702494
2,9,-0.0568377498780031,-3.29627911496988,8.34360639694079,4.51693865989149,-0.0717690714402907,-3.30411858453597,1.89894732345804,-1.41907652756435
3,9,-0.119311184731916,-1.6311678473589,6.77125716595941,7.79857623940124,-0.134242506294204,-1.63900731692499,0.326598092476663,1.8625610519454
4,9,-0.0486542277075884,-3.17081161440762,8.19224546150813,6.06223210319985,-0.063585549269876,-3.17865108397371,1.74758638802538,0.126216915744012
1,10,-0.106133670971434,1.18664397380401,7.13408098489154,5.65136265575412,-0.121064992533721,1.17880450423791,0.689421911408794,-0.284652531701719
2,10,-0.0620019270275838,1.27589316933247,6.47989776497837,6.1824462850858,-0.0769332485898713,1.26805369976638,0.0352386914956249,0.246431097629965
3,10,-0.0125463552014599,1.12417196057113,7.08422308766432,3.71299895297191,-0.0274776767637475,1.11633249100504,0.639564014181573,-2.22301623448393
4,10,-0.0256768802115711,1.10986934049123,7.07342603265412,4.09340742846239,-0.0406082017738586,1.10202987092514,0.62876695917137,-1.84260775899345
1,11,0.121527457329093,-0.516835633224151,5.55587917004013,6.39364751671545,0.106596135766806,-0.524675102790241,-0.888779903442619,0.457632329259611
2,11,0.114013470410781,-0.635407299385588,6.44160472584243,6.07856335216935,0.0990821488484938,-0.643246768951679,-0.00305434764031531,0.142548164713512
3,11,0.111066617226835,-0.462775645163461,6.63635101052921,5.92016918339981,0.0961352956645471,-0.470615114729552,0.191691937046459,-0.0158460040560291
4,11,0.0525637256507095,-0.472825181116121,7.11196796670708,5.67571622876886,0.037632404088422,-0.480664650682212,0.667308893224329,-0.260298958686975
1,12,0.0477661665709174,-0.220256560909007,4.18123447553094,7.00173103569481,0.0328348450086298,-0.228096030475098,-2.26342459795181,1.06571584823897
2,12,0.0824799866630163,-0.435986844301045,5.39625088542903,6.8078701354154,0.0675486651007288,-0.443826313867136,-1.04840818805372,0.871854947959561
3,12,0.121956840700188,-0.409015120102767,4.68079074075701,6.72483305152466,0.1070255191379,-0.416854589668858,-1.76386833272574,0.788817864068823
4,12,0.0690270216425166,0.00335873164038994,5.33032306640307,6.83261558931261,0.054095700080229,-0.0044807379257007,-1.11433600707968,0.896600401856768
1,13,-0.726713224532625,-3.02706324610798,6.41942021528344,5.50252530549324,-0.741644546094913,-3.03490271567407,-0.0252388581993097,-0.433489881962594
2,13,-0.767563938109108,-4.88190869810843,6.59891059654695,4.43541072534171,-0.782495259671395,-4.88974816767452,0.154251523064199,-1.50060446211413
3,13,-0.622861255535059,-4.11668252876583,6.63440395848107,4.26038012460855,-0.637792577097346,-4.12452199833192,0.189744884998319,-1.67563506284729
4,13,-0.775908078910722,-5.04184853835548,6.44147787877431,5.74348400701043,-0.79083940047301,-5.04968800792157,-0.00318119470844014,-0.19253118044541
