rep,id,b,Dq,E0,A0,Di,eta_b,eta_Dq,eta_E0,eta_A0,eta_Di
1,1,-0.35151319620826,1.77453939643516,4.86664086389353,8.16942091348342,3.61842591607693,-0.0829911648447214,0.819458053401749,-1.55377998858387,1.11162041829305,0.876526558919548
2,1,-0.106508673599064,1.53236620141352,5.02332997407235,7.95341641452845,2.59141357691529,0.162013357764475,0.577284858380101,-1.39709087840506,0.895615919338081,-0.150485780242094
3,1,-0.356239953138455,1.74815744230867,5.52020230534961,8.03746594389987,4.12167594262393,-0.0877179217749166,0.793076099275252,-0.9002185471278,0.979665448709505,1.37977658546654
4,1,-0.208510256820823,1.57047674629751,5.57721497050138,7.91821910926626,3.07777918328918,0.0600117745427156,0.615395403264096,-0.843205881976022,0.860418614075898,0.335879826131798
1,2,-0.00379473993462135,0.586008681150754,6.20943520221684,6.88567915396887,2.34007587354888,0.264727291428917,-0.369072661882662,-0.210985650260564,-0.172121341221495,-0.401823483608509
2,2,-0.111965014895703,0.336857399898295,6.44591121627351,6.57953945612148,3.11900113823978,0.156557016467836,-0.618223943135121,0.0254903637961066,-0.478261039068885,0.377101781082399
3,2,0.0303530476411263,0.526049444943307,5.6658031836034,6.84630454582974,2.34816520043498,0.298875079004665,-0.429031898090109,-0.754617668874003,-0.211495949360622,-0.393734156722403
4,2,-0.0248873139352101,0.795085972458015,5.93768627529325,6.92534768834621,2.45189329627534,0.243634717428328,-0.159995370575401,-0.482734577184156,-0.132452806844153,-0.29000606088205
1,3,-0.462974432427433,1.61587631362489,5.91487152497738,7.57454073686672,3.52685942543865,-0.194452401063895,0.660794970591469,-0.50554932750003,0.51674024167636,0.784960068281267
2,3,-0.6367245596346,1.88332338682214,5.43794357541576,7.85906001000525,4.53234634219694,-0.368202528271061,0.928242043788724,-0.982477277061648,0.801259514814886,1.79044698503956
3,3,-0.331171148051815,1.513377399697,5.92529385824582,7.47835690800029,2.92472226496703,-0.0626491166882767,0.558296056663584,-0.495126994231583,0.420556412809926,0.182822907809647
4,3,-0.711249936129291,1.94627083121316,5.68282868636071,8.06845069724678,4.57431980636181,-0.442727904765752,0.99118948817974,-0.737592166116692,1.01065020205641,1.83242044920442
1,4,-0.0125927150061874,2.69190567393328,5.65205137192062,5.64396730568575,3.76392091707225,0.255929316357351,1.73682433089986,-0.76836948055679,-1.41383318950461,1.02202155991486
2,4,-0.12775652410602,2.61605105912108,6.57580420811948,5.47388335527663,3.79600720990017,0.140765507257518,1.66096971608767,0.155383355642073,-1.58391713991374,1.05410785274279
3,4,-0.0531726802433116,2.67482577653214,6.07781032879817,5.71861840661899,3.66411440083611,0.215349351120227,1.71974443349873,-0.342610523679233,-1.33918208857137,0.922215043678728
4,4,0.0170307285782023,2.44178430243949,5.98927644702851,5.19874201503597,4.07356496081812,0.285552759941741,1.48670295940607,-0.431144405448893,-1.85905848015439,1.33166560366073
1,5,-0.0920388511878969,0.715929377965465,6.02067318419844,6.83594865136275,1.89903190525168,0.176483180175642,-0.239151965067951,-0.399747668278965,-0.221851843827617,-0.842867451905708
2,5,-0.263570741301019,0.781253696213179,5.9863088842326,6.87739871806689,2.24332482994359,0.00495129006251943,-0.173827646820236,-0.43411196824481,-0.180401777123475,-0.498574527213794
3,5,0.143491866132835,0.444948371295412,5.4974738240118,6.75986414497344,1.48575271470411,0.412013897496373,-0.510132971738003,-0.922947028465612,-0.29793635021692,-1.25614664245328
4,5,-0.295331914375033,0.776484381277552,6.31695211962194,6.76756644374646,2.38049591100822,-0.0268098830114943,-0.178596961755863,-0.103468732855468,-0.290234051443909,-0.361403446149168
1,6,-0.0950457474905708,2.23718381689513,8.29796680406709,7.49082568168211,2.47170576835968,0.173476283872968,1.28210247386172,1.87754595158968,0.43302518649175,-0.270193588797707
2,6,-0.333303562725097,2.52012846196291,8.22975249037285,7.64056160324526,3.96762454063185,-0.0647815313615582,1.56504711892949,1.80933163789544,0.582761108054892,1.22572518347446
3,6,-0.194468957269917,2.58157587283334,8.51703335206284,7.29396482591133,3.03422249669018,0.0740530740936217,1.62649452979992,2.09661249958544,0.236164330720967,0.29232313953279
4,6,-0.161690298615419,2.72572463003097,8.44605327430178,7.13482585666056,2.72754792276527,0.10683173274812,1.77064328699755,2.02563242182438,0.0770253614701923,-0.0143514343921129
1,7,-0.489099912749881,2.48227432049956,8.00518579515636,6.76974261905444,3.75960006323624,-0.220577881386342,1.52719297746614,1.58476494267895,-0.288057876135928,1.01770070607886
2,7,-0.447600204707359,2.35320185198542,7.76159243043639,6.81468023930346,3.66465928087083,-0.17907817334382,1.39812050895201,1.34117157795899,-0.243120255886902,0.922759923713441
3,7,-0.563219343535022,2.47317078788873,8.18335929975605,6.60478749712518,4.4881500107795,-0.294697312171483,1.51808944485531,1.76293844727864,-0.453012998065181,1.74625065362211
4,7,-0.569646923843452,2.48887345780579,8.07445145714381,6.78301282947881,4.45536181316447,-0.301124892479913,1.53379211477238,1.6540306046664,-0.274787665711557,1.71346245600709
1,8,-0.330125856506004,1.9765836322947,5.27650588444895,8.24320961171281,2.57034154315596,-0.061603825142465,1.02150228926129,-1.14391496802845,1.18540911652245,-0.171557814001424
2,8,-0.435596998316517,2.08064969239451,5.98651926368498,8.25128067312951,2.94540818365719,-0.167074966952979,1.12556834936109,-0.43390158879243,1.19348017793914,0.203508826499806
3,8,-0.347304618233155,1.91817691887198,6.33208921696284,8.12802304038828,2.68607345105026,-0.0787825868696161,0.963095575838565,-0.0883316355145691,1.07022254519792,-0.055825906107124
4,8,-0.540697921487424,2.12971584547792,5.79530170169011,8.35610809930262,3.27440241854657,-0.272175890123886,1.17463450244451,-0.625119150787296,1.29830760411226,0.532503061389184
1,9,-0.124723031634452,-2.65043083951342,7.71809205170607,7.78547858765556,2.07207967949502,0.143798999729086,-3.60551218254684,1.29767119922866,0.727678092465196,-0.669819677662362
2,9,-0.162631962103163,-3.67709924992347,7.58095586224723,7.60492525041908,2.14433304603861,0.105890069260376,-4.63218059295688,1.16053500976983,0.547124755228715,-0.597566311118778
3,9,-0.296090575666208,-1.69332832124517,7.70451503721266,8.02611602827128,2.26994469306301,-0.0275685443026695,-2.64840966427859,1.28409418473525,0.968315533080919,-0.471954664094372
4,9,-0.347820183578889,-0.216475751367096,8.18656251140255,8.02988484351241,2.14215996268427,-0.0792981522153502,-1.17155709440051,1.76614165892515,0.97208434832205,-0.599739394473118
1,10,-0.093580794320148,2.00945592516153,6.90692359054738,6.81878860501733,1.77120928247032,0.174941237043391,1.05437458212812,0.486502738069974,-0.239011890173038,-0.970690074687069
2,10,-0.88884519726112,2.76295580304718,7.02896842778324,7.48633755915053,4.60943788133446,-0.620323165897581,1.80787446001376,0.608547575305836,0.428537063960169,1.86753852417708
3,10,-0.44012581915617,2.50940708802596,7.17288176008724,6.18536704663603,2.79700326873325,-0.171603787792632,1.55432574499255,0.752460907609836,-0.872433448554334,0.0551039115758662
4,10,-0.741702398262955,2.85080063988455,7.27729924109056,7.07794584087612,3.55585436960826,-0.473180366899416,1.89571929685113,0.85687838861315,0.0201453456857577,0.813955012450876
1,11,-0.495704302956176,0.916002596741145,5.56011619774334,7.40017765379916,4.02308085169817,-0.227182271592638,-0.0390787462922707,-0.860304654734064,0.342377158608793,1.28118149454079
2,11,-0.309050486841091,0.645931323117379,6.48155842557312,7.23609040772475,2.82344440031442,-0.0405284554775525,-0.309150019916037,0.0611375730957144,0.178289912534382,0.0815450431570386
3,11,-0.2467846092372,0.454778570431533,5.50109837979653,7.22984637643663,2.77498947557627,0.0217374221263385,-0.500302772601883,-0.91932247268088,0.172045881246267,0.0330901184188885
4,11,-0.527375203096101,1.120077926656,5.84655444009693,7.59309262865409,3.65225928225343,-0.258853171732562,0.164996583622588,-0.573866412380474,0.535292133463728,0.910359925096044
1,12,0.167934477930698,0.229580524596063,4.92211450492645,7.13684911265223,1.75144442282169,0.436456509294237,-0.725500818437352,-1.49830634755096,0.0790486174618694,-0.990454934335694
2,12,-0.181189483927363,0.372581834824101,5.19135957103172,7.31135449963948,2.56578995140289,0.0873325474361752,-0.582499508209315,-1.22906128144568,0.253554004449118,-0.176109405754498
3,12,0.437659062903347,0.00456298266463168,5.07264838988236,6.89377896893301,1.32567097392437,0.706181094266886,-0.950518360368784,-1.34777246259504,-0.164021526257358,-1.41622838323301
4,12,0.102214828012243,0.14948513517289,4.92590841287495,7.15539900494184,1.88097361553006,0.370736859375782,-0.805596207860526,-1.49451243960246,0.0975985097514798,-0.860925741627324
1,13,-0.516806384668829,-3.6640024979978,6.58857948755688,6.08881078492285,1.07103069504093,-0.24828435330529,-4.61908384103122,0.168158635079474,-0.968989710267517,-1.67086866211645
2,13,-1.02779423113955,-2.76782669184254,6.51815053679134,6.87312395473805,1.32224787664933,-0.759272199776007,-3.72290803487596,0.097729684313931,-0.184676540452313,-1.41965148050805
3,13,-0.936136303336665,-1.97088021233938,6.277167529505,6.87027361086558,1.38534455146285,-0.667614271973126,-2.92596155537279,-0.143253322972408,-0.187526884324783,-1.35655480569454
4,13,-0.456119624789502,-2.37367479403205,6.37806840899011,6.25546582254669,1.02652828634773,-0.187597593425963,-3.32875613706546,-0.0423524434872942,-0.80233467264367,-1.71537107080966
