rep,id,b,Dq,E0,A0,De
1,IDF,1.36929766577942,1.88660623541192,76.2807318775851,766.346417870556,0.743802924363606
2,IDF,1.35867364480851,1.82059948428343,27.8557174270854,847.694291900985,0.718974477411487
3,IDF,1.46945290386859,1.61674731541376,87.5956349380199,897.005632161921,1.20835514206159
4,IDF,1.57048418407584,1.89884494025805,83.6570196692542,1114.19699999457,1.75792785970267
5,IDF,1.36079292453655,1.73561939105848,49.359691360939,753.50530626271,0.670009915363208
6,IDF,1.37641572485156,1.7395264867102,57.4289313630426,793.129539791625,0.7558267595619
7,IDF,1.4656190332119,1.72620202883533,127.230769824159,882.244202138612,1.2094977924206
8,IDF,1.57880909976111,1.85083214808812,122.554517121287,1093.46116985559,1.80117832629489
9,IDF,1.35093643368895,1.93626519423251,63.1689655540735,782.812703650414,0.671575120093363
10,IDF,1.35890142469913,1.95842666718314,118.529854460498,884.30844746459,0.790266557853312
1,NAquitaine,1.34322786196757,0.830386964920071,28.871624635304,319.142513259333,0.528774647276207
2,NAquitaine,1.31673422432749,0.651275491647545,50.7304702023018,258.628937521167,0.349275507959388
3,NAquitaine,1.40460214107316,0.635236849310505,63.5387793381697,270.081040018576,0.701786835527113
4,NAquitaine,1.3330582148698,1.05744896772823,54.0692594224387,312.221348732646,0.517776949458416
5,NAquitaine,1.36350857112242,0.337935386184888,39.5699989538233,194.525640948122,0.326913191495091
6,NAquitaine,1.27893599491592,0.781885286256799,41.5904227847168,255.099465717803,0.198414403408311
7,NAquitaine,1.35236467616072,0.825285678096764,151.296412612296,220.882450606569,0.550390941544717
8,NAquitaine,1.36035407216038,0.712209860716562,31.9626836510541,387.490211719631,0.67118932035262
9,NAquitaine,1.32138500205129,0.669081956376886,51.0328674175402,243.497499145126,0.328014815144357
10,NAquitaine,1.27049432059508,0.908516991916152,32.7562481436597,252.253587810908,0.147660941708893
1,AURA,1.43451378809026,1.53806688760252,82.6825144718528,601.781392453951,1.44420183008478
2,AURA,1.30593451530191,1.73889121688292,123.609438716733,572.93745332628,0.885482063657084
3,AURA,1.5161957881779,1.44957572292742,195.300660530872,633.491456757773,2.00379837569128
4,AURA,1.34927125796504,1.50186197746664,152.34402146696,474.52588730447,1.01166499897894
5,AURA,1.44557286105808,1.736314396783,93.9409885255489,612.84156647626,1.52119110067192
6,AURA,1.2777689982924,1.59323318975409,93.2790025255857,474.312427970917,0.623809515461179
7,AURA,1.52431225857173,1.80113974280058,100.380741042901,744.237149666981,2.0396738098316
8,AURA,1.36520707461941,1.30801348287981,138.671653193651,432.385088128169,0.986322421076675
9,AURA,1.43501263483239,1.66111937546998,88.2031969654301,621.59096116179,1.50032440941187
10,AURA,1.30418609845357,1.37613847557505,128.42550881079,441.681771339945,0.718120912340963
1,Centre,1.33959218348042,5.29255766744928,57.8203388542972,62.9470086708921,0.309757350240343
2,Centre,1.37298140327997,3.22486698734382,53.2414882645512,36.8111418811757,0.267836180925999
3,Centre,1.37008860724313,4.36823046435836,68.0630288423157,54.6748756388286,0.415805663166355
4,Centre,1.3807695461943,5.98126259378207,90.0841613338145,40.8066395424156,0.442265207917457
5,Centre,1.33499557195491,3.7021027778502,65.2848273519036,87.6343424806743,0.347651376612447
6,Centre,1.41020463605456,4.61505887950639,62.464485325988,44.6554911908485,0.440810856275634
7,Centre,1.40333847942896,4.86448253698065,58.1906653721014,39.2879466797756,0.405068705212773
8,Centre,1.44394220001108,5.19948724010479,124.40673943215,52.485626740972,0.765819969587159
9,Centre,1.4157099065541,4.17388982243752,51.9941101172885,43.5040742286632,0.422485143200796
10,Centre,1.35084798086953,4.92994003961779,65.2701950446442,56.547035275459,0.324489967123278
1,BFC,1.36949604802504,0.787448707622304,76.8446845540181,347.372561706088,1.34223036713164
2,BFC,1.42147056475936,0.879961547227375,105.406343201054,422.048222934681,1.82828382226932
3,BFC,1.44577810633746,0.797991315637606,103.322238777256,391.220854254995,1.87100735863119
4,BFC,1.41812567278956,0.735028503611659,95.2358153718592,428.396691951632,1.83486286608799
5,BFC,1.37317090769542,1.0086631152334,104.031305193631,443.775614457027,1.69371987254229
6,BFC,1.38443072337404,0.855831137593323,34.8230568959191,422.873659946321,1.48297095294134
7,BFC,1.39150863263854,1.03645442031702,171.193359074872,456.270664925465,1.87926205694929
8,BFC,1.43557250412059,1.07492541410832,71.6118731889484,527.14345518664,2.12345495088781
9,BFC,1.39305273179166,1.01097144984659,101.393544153443,385.34512226443,1.6226606259534
10,BFC,1.3666045134441,0.92994795767896,69.7113133052855,440.788859952775,1.5522437709725
1,Normandie,1.22101946956911,6.09698702477461,172.087176222215,1130.91517366651,0.294251278938934
2,Normandie,1.35210697305059,4.72180612554071,502.108756929494,692.275738918396,0.708249093172374
3,Normandie,1.29957720782546,4.49789977338984,407.176064545967,986.215772676537,0.574997017530421
4,Normandie,1.26406149412766,4.26842774891201,199.075712667479,778.549565201473,0.270693586896519
5,Normandie,1.20954603921817,3.87463304368132,188.496611459167,985.278559072717,0.175843325605306
6,Normandie,1.2978279922602,2.80235507765855,371.872350682998,796.169518684173,0.513020408979258
7,Normandie,1.30848807224212,4.00942773946815,354.50090486213,607.997321832823,0.402310631163823
8,Normandie,1.25879469540969,4.29049147657944,249.079281784203,765.311882517396,0.277007766554462
9,Normandie,1.24486603898717,5.60869842785466,159.43753137731,944.141355372634,0.247617639542028
10,Normandie,1.26695702338772,5.00846929365779,328.555033173059,858.422811797935,0.434458078244328
1,HDF,1.23521013014178,3.15533292144108,328.386900811888,118.334422614517,0.275367994505248
2,HDF,1.22391701672064,3.44232261755676,259.879426455578,217.062840451922,0.268003717706186
3,HDF,1.19938644533752,3.05944056296202,144.33813108781,350.962881173557,0.181098733500607
4,HDF,1.21218872622043,3.59898307298751,331.65546602668,242.135136414434,0.317080434393382
5,HDF,1.24936575466532,3.03742608759823,438.179412274801,146.870232076476,0.456100339006873
6,HDF,1.22313204893951,2.72297178820159,338.23413628576,209.142836421543,0.328265094168019
7,HDF,1.19121097936909,3.08979141862065,147.91113173078,294.739702683978,0.107733371715889
8,HDF,1.24684001880636,2.93320929348342,411.836855518895,119.867682608191,0.409711336147417
9,HDF,1.25655783836877,3.16406948424062,552.273760717883,74.0837247806703,0.523461528856283
10,HDF,1.21826153298724,2.74731714801461,296.312397776138,180.134419647369,0.236693649556821
1,GrandEst,1.36082775223562,2.67644965639055,84.7331470305638,1153.94014481942,1.32566722077827
2,GrandEst,1.31539593882258,2.42772153648024,96.7200275774295,983.619684525407,0.997689028839853
3,GrandEst,1.56268889589801,2.6366094871,189.659376417464,1376.47180975666,2.48303362506882
4,GrandEst,1.57222116908668,2.72277298778055,109.859256050445,1568.99501985348,2.66145772369108
5,GrandEst,1.37324632018297,2.67650443767105,124.501839700771,1256.01074609362,1.46072382859835
6,GrandEst,1.34811794467402,2.50834286413515,87.494510162603,1022.157412366,1.16495496845166
7,GrandEst,1.56190353613632,2.5221581720753,110.389127189378,1479.65248215508,2.534418118092
8,GrandEst,1.5507056068917,2.57444417454963,211.802474461453,1559.20987840702,2.59842269495263
9,GrandEst,1.36883331156433,2.68564841924257,121.757480859585,1135.99511419855,1.39916731621478
10,GrandEst,1.35933558442936,2.67011002335566,122.317204240055,1091.12387672532,1.30692258483837
1,PaysLoire,1.18511412564826,0.0895761541978844,108.907526740411,1276.34159952943,0.468278695761896
2,PaysLoire,1.25933710672465,0.116006138937774,49.1555358035421,1437.01388142719,1.02318352225037
3,PaysLoire,1.14950919208771,0.0944422328511503,150.611671529722,1313.03571585722,0.41700754799021
4,PaysLoire,1.21172712688254,0.098302015943993,54.5661076377313,1136.71715377633,0.560435307775009
5,PaysLoire,1.26430560969067,0.184791552538515,236.758840170578,1144.20974563389,0.854985156539792
6,PaysLoire,1.1379321224841,0.0512942220081828,68.8096641918067,1458.84534199429,0.35549862992879
7,PaysLoire,1.19843969117363,0.136937406976792,92.2521462049482,1238.03867547414,0.581831583641116
8,PaysLoire,1.24766336005809,0.0849793012639902,156.665081927298,1386.08130535362,0.87454027655592
9,PaysLoire,1.20454374252784,0.0840946122220778,70.820868782087,1171.17038621296,0.543146220474455
10,PaysLoire,1.17507329742325,0.0991225745749102,95.6606047005442,885.518191614089,0.252236791210321
1,Bretagne,1.20310097372842,3.32872495146821,154.206363038315,153.947029829277,0.419775216867641
2,Bretagne,1.14507267423119,3.71008474182079,55.5197426712445,279.711342649808,0.186623898745522
3,Bretagne,1.15304736885066,3.35711380767947,99.1751736977469,285.869151288876,0.286771260988874
4,Bretagne,1.25215941841274,3.38047710379345,434.076413646671,190.824648643421,1.16162988712093
5,Bretagne,1.18499802588677,3.55141829566162,139.515639921047,174.224329433946,0.343094539466586
6,Bretagne,1.16273264371931,3.00053432149487,67.0069743084396,231.517710293721,0.209814562612788
7,Bretagne,1.15760068325709,2.62794216480986,68.5201888309449,251.656638574494,0.202039089352056
8,Bretagne,1.23529634628801,3.26305162619896,232.876018827018,174.257317714593,0.746301022478831
9,Bretagne,1.24266533559848,4.91244779380188,222.174644848071,155.040672999925,0.681167475026563
10,Bretagne,1.17016641414852,3.92742715182028,163.788226468966,235.434820382337,0.448779113743339
1,Occitanie,1.35183743350901,0.302081813846874,156.320597281409,289.931921368943,0.777231838175446
2,Occitanie,1.28317228585932,0.523509326519779,118.591942502438,254.673837175507,0.409171989664845
3,Occitanie,1.48026310107346,0.705854544918368,90.8581401508411,445.973641884451,1.52955916011563
4,Occitanie,1.42158858281915,0.49116976312903,70.1363095079079,337.75240651159,1.00771124407907
5,Occitanie,1.34078563635046,0.429020069650049,67.1848657829063,364.429767199803,0.723403160658442
6,Occitanie,1.32091326796023,0.36103642487448,48.9527595935482,337.218792378577,0.589466978591063
7,Occitanie,1.47751623359894,0.422656532457784,260.485603995689,231.393793730427,1.30241181335734
8,Occitanie,1.43950646043644,0.449138494855829,115.315111462561,291.111030838924,1.07505071042601
9,Occitanie,1.32480963891245,0.477292379452347,70.8864767488834,320.306892444075,0.604471177261727
10,Occitanie,1.27943837886784,0.670405895423988,51.7016198313391,346.459845554397,0.45807608159704
1,PACA,1.46251504598577,0.775140097589551,39.2784927028886,564.519461032161,1.45762354538371
2,PACA,1.41745704287987,0.825103121111974,31.4314530152688,549.291997854528,1.16973656751848
3,PACA,1.3861851220134,0.778476665972735,21.7619956265622,457.829370562787,0.912966488509513
4,PACA,1.46620955997448,0.871379592383938,29.2839209670728,555.207953775592,1.38795006943039
5,PACA,1.42083196077058,0.710195736142407,49.3453999812455,487.209582512712,1.12106111997955
6,PACA,1.43250638634993,0.631643707301731,39.024093781651,453.60638437428,1.1125059311027
7,PACA,1.34960576269343,0.836295884917577,30.6262332022652,465.851994791085,0.764296670497868
8,PACA,1.37287502605535,0.610156522151225,45.4776382781246,460.06724082178,0.877540408670212
9,PACA,1.37596521974018,0.731461509475107,68.6825167521593,473.995318277631,0.933770915730712
10,PACA,1.42415081581088,0.72311602386446,43.5099701683154,412.649374318037,1.00750581766446
1,Corse,1.05036167170464,0.00796605911859282,94.3205157524313,189.897460832322,0.539792415748527
2,Corse,1.03986586892012,0.0457551135231019,90.196875410695,177.742462602948,0.404094348512618
3,Corse,1.0052535237182,0.0168752950451602,224.158791565036,203.967883773275,1.36183250447133
4,Corse,1.02978614604135,0.0522364389977606,77.5772878602895,200.624140543827,0.367591453912442
5,Corse,1.0487815092581,0.00501724680420809,54.6247198669211,227.289925243087,0.409599417948181
6,Corse,1.05496742017027,0.0530183805003812,90.7817680381219,196.187511622865,0.518225821439059
7,Corse,1.01542237741643,0.0893293359881077,218.73286808561,232.310170149955,1.62313547567605
8,Corse,0.999129726113263,0.0438311514203965,73.1375391191282,248.668700486246,0.403750495180069
9,Corse,1.0412068670495,0.0154508471856004,99.4135660164436,168.42774904672,0.532505553686194
10,Corse,1.02186084020145,0.0117841891047082,37.29014402685,241.099708819568,0.128803044290016
