rep,id,eta_b,eta_Dq,eta_E0,eta_A0,eta_De
1,IDF,0.0400448307015996,0.647440986287458,-0.319454825137346,0.664957479289743,0.0804751616821256
2,IDF,0.0322558377297986,0.611827247775507,-1.32683696152804,0.765843235089854,0.0465249082952809
3,IDF,0.110637032306223,0.493077714813835,-0.181144033217011,0.822385310055582,0.565714375606228
4,IDF,0.177130844344668,0.653907189084239,-0.227149859385285,1.0392124141926,0.940590090512411
5,IDF,0.0338144376265144,0.564025761372389,-0.754741073682861,0.6480592293245,-0.0240084401291848
6,IDF,0.0452296945279153,0.566274356070507,-0.603326993383431,0.699309731511006,0.0965112444468326
7,IDF,0.108024576516812,0.558585050075402,0.19212732234282,0.805792059986702,0.566659553394156
8,IDF,0.182417703538579,0.628296761687365,0.154680768266489,1.02042649865263,0.964895403975429
9,IDF,0.0265448815962529,0.673422373919278,-0.508062071255151,0.686216632994659,-0.0216750726586952
10,IDF,0.0324234723932937,0.68480284401848,0.121289664776888,0.808129093378794,0.141069352099362
1,NAquitaine,0.0208224445723553,-0.173202050090443,-1.2910159341811,-0.211039077819801,-0.260738607946217
2,NAquitaine,0.000901473573097515,-0.416161130081766,-0.727348480184844,-0.421282470092904,-0.675439919593694
3,NAquitaine,0.0655009640997308,-0.441095944639281,-0.502224782705915,-0.377954768690963,0.0223287533643386
4,NAquitaine,0.0132225873419951,0.0685207872603354,-0.663609393787427,-0.2329644435366,-0.281756401430488
5,NAquitaine,0.0358080844307892,-1.0722391529531,-0.975803971484468,-0.706112846433674,-0.741606285234223
6,NAquitaine,-0.0282246466949252,-0.23338582800964,-0.92600528120223,-0.43502330012821,-1.24094316141443
7,NAquitaine,0.0276015471666959,-0.179364262152529,0.365365709642386,-0.579046168568667,-0.220672122919835
8,NAquitaine,0.033491888068917,-0.326721248848595,-1.18930611401353,-0.0169862424748244,-0.0222497077022492
9,NAquitaine,0.00442730553346098,-0.38918730660822,-0.721405316126019,-0.481570158852144,-0.738242175967123
10,NAquitaine,-0.0348470714157061,-0.0832802741020614,-1.16478147354617,-0.446241948503724,-1.53638224029452
1,AURA,0.0865728431960593,0.443187774080287,-0.238867053998993,0.423217413029805,0.74401112975824
2,AURA,-0.00733423679696283,0.565909092385422,0.163251706686873,0.374099723387283,0.254831249953189
3,AURA,0.141951301784564,0.383932322691543,0.620665019568276,0.474569683018507,1.07149889475638
4,AURA,0.0253115128149219,0.419367070574523,0.372266062124436,0.185639342707786,0.388051814914131
5,AURA,0.0942525616688393,0.564426117932322,-0.111208396953665,0.441429615666838,0.795947974380214
6,AURA,-0.0291375378635712,0.478426818195101,-0.118280171234505,0.185189404433333,-0.0954558933712797
7,AURA,0.147290205381122,0.601081068920261,-0.0449048338676463,0.635682902724828,1.08924422545773
8,AURA,0.0370529951777167,0.281170974947831,0.27823373103456,0.0926397680094918,0.362682348759403
9,AURA,0.0869205289627228,0.52015311164128,-0.174231991313732,0.455605426831384,0.782135685193674
10,AURA,-0.00867395811148444,0.331942784720596,0.201473837831774,0.113912817556869,0.0453370050050971
1,Centre,0.0181121019841907,1.67896303399116,-0.596534603368901,-1.83438359063753,-0.795511701637063
2,Centre,0.04273145713424,1.18355311911656,-0.679037253427329,-2.37087626301086,-0.940925423043636
3,Centre,0.0406222895970315,1.48701941299141,-0.433441029828789,-1.97527253886331,-0.501082956194394
4,Centre,0.0483878609429326,1.80129309571428,-0.153130841139493,-2.26783202881768,-0.439391231402533
5,Centre,0.0146748499876533,1.32156239051023,-0.475115544115978,-1.50350387230445,-0.680100765151654
6,Centre,0.0694817008416955,1.54198604011687,-0.519277039991566,-2.17769954811237,-0.442685065344342
7,Centre,0.0646009010996228,1.59462175949088,-0.590150247364939,-2.30575905929791,-0.527244256234708
8,Centre,0.093123887004999,1.66122142700703,0.169681153894073,-2.01613747511926,0.109646164014626
9,Centre,0.0733779810590625,1.44150982610273,-0.702744755252148,-2.203822236733,-0.485146669297082
10,Centre,0.0264794042628429,1.60798823958517,-0.475339699526497,-1.94160405628851,-0.74904633374408
1,BFC,0.0401896990390511,-0.226295629627769,-0.312088899356617,-0.126278962030804,0.670787010907133
2,BFC,0.0774388197542383,-0.115215654843262,0.00394761602641371,0.0684427489936716,0.979832052331139
3,BFC,0.0943945335581326,-0.212996150297322,-0.0160225640680163,-0.00740458570820383,1.00293130780579
4,BFC,0.0750829260024082,-0.295184586143352,-0.0975191175065189,0.0833727858046913,0.983424073864694
5,BFC,0.042869471631831,0.0212872197270856,-0.00918333511943505,0.118642230972976,0.903381545586652
6,BFC,0.0510359001171028,-0.143020777513331,-1.10359547857462,0.070396627312997,0.770501803803614
7,BFC,0.0561353808297539,0.0484670912709276,0.488918472061586,0.146409365987514,1.00733350441315
8,BFC,0.0873106022531446,0.0849126909016172,-0.382614313562995,0.2907958916082,1.12949878351685
9,BFC,0.0572444239495156,0.023573114074754,-0.0348657784387218,-0.0225374766627536,0.860521491270686
10,BFC,0.038076081068922,-0.0599652399317514,-0.409512581568663,0.111889154309102,0.816155805880457
1,Normandie,-0.0745669843768668,1.82045613274453,0.494125986472287,1.05410564125354,-0.846866858886837
2,Normandie,0.0274109715982747,1.56485279407432,1.56494154305385,0.563307512025188,0.0314949068776792
3,Normandie,-0.0122141381505406,1.51627198475937,1.35537048248093,0.917198336176577,-0.176936097573973
4,Normandie,-0.0399231800126206,1.46390696470322,0.639810017588345,0.680755825944268,-0.930313445929119
5,Normandie,-0.0840080099580089,1.36711237387018,0.585204829939379,0.91624757140964,-1.36170754829975
6,Normandie,-0.0135610329897744,1.04312157677311,1.26467545161757,0.703135295471202,-0.290985323489536
7,Normandie,-0.00538079762122594,1.40130993672648,1.21683569802823,0.433493646205428,-0.534076446887387
8,Normandie,-0.0440984527777589,1.46906270363715,0.863896046082556,0.663606609438132,-0.907255407557227
9,Normandie,-0.0552252000509828,1.73698009727508,0.417776992258905,0.873599064925487,-1.01941517108921
10,Normandie,-0.0376351441857663,1.62379175215875,1.14082915213525,0.778419934880468,-0.457201494155406
1,HDF,-0.0630120235007859,1.16175542623137,1.14031728843422,-1.20316212491277,-0.913192586491031
2,HDF,-0.0721967399763816,1.24880783703034,0.90634257860805,-0.596489931916632,-0.940300099001608
3,HDF,-0.0924429944856011,1.13089349064264,0.318283479131888,-0.115996364639333,-1.33225857995982
4,HDF,-0.0818255347431801,1.29331273978532,1.15022147670324,-0.487180845634053,-0.772145473505849
5,HDF,-0.0516170986939278,1.12367188902348,1.42875324312886,-0.987127408957348,-0.408588124463751
6,HDF,-0.0728383027624094,1.01438526703419,1.16986316613101,-0.633659384482203,-0.737479455572229
7,HDF,-0.0992827055601022,1.14076500052064,0.342736431693361,-0.290584227826185,-1.85164155720177
8,HDF,-0.0536407593614511,1.08875855956335,1.36675208873463,-1.19028834138068,-0.515848097898287
9,HDF,-0.0458770166971604,1.16452042450329,1.66016866622417,-1.67148096128031,-0.270837412179722
10,HDF,-0.0768282554269596,1.02328626690182,1.03753909523244,-0.782973482860212,-1.06453426437398
1,GrandEst,0.0338400309793097,0.997152575134726,-0.214368329053496,1.0742607472779,0.658370223072369
2,GrandEst,-0.00011541049971324,0.899614592139069,-0.0820547090102286,0.914562492005217,0.374140681952757
3,GrandEst,0.172154863724783,0.982155220521695,0.591354507110061,1.25060201384842,1.28593537607612
4,GrandEst,0.178236251942596,1.01431225574582,0.0453248556519588,1.38151374776762,1.35532831664054
5,GrandEst,0.0429243886246383,0.997173042816508,0.170445292065441,1.15901907192775,0.755386413405857
6,GrandEst,0.0244563797401855,0.932283735568683,-0.182299150046721,0.952993951873862,0.529136760108908
7,GrandEst,0.171652167904247,0.937776366451181,0.0501364429463401,1.32288569896063,1.30641839900867
8,GrandEst,0.164456932626661,0.958295070225785,0.701778915665587,1.37525765286366,1.33135893267779
9,GrandEst,0.0397056546553241,1.00058360968361,0.148156004063808,1.05858746751948,0.712331613068495
10,GrandEst,0.0327429145408804,0.994781092766336,0.152742504801772,1.01828669271946,0.644129529228564
1,PaysLoire,-0.104414046457692,-2.40000471665223,0.0366239431809145,1.17507630843561,-0.38223732901388
2,PaysLoire,-0.0436676482242474,-2.14145075344486,-0.758885729398019,1.29364571516655,0.399373194546972
3,PaysLoire,-0.134918063185693,-2.34710551002448,0.360829612116993,1.20342024478115,-0.498196629123323
4,PaysLoire,-0.0822064055088626,-2.3070493300082,-0.654462249666366,1.05922286656426,-0.202587134381161
5,PaysLoire,-0.0397300786521477,-1.67586541823716,0.813166870611571,1.06579266834901,0.21978315655963
6,PaysLoire,-0.145040437369408,-2.95751575061438,-0.422530997464398,1.30872370928776,-0.657779556145843
7,PaysLoire,-0.0932326716007822,-1.97556992698424,-0.129349652698876,1.14460686217181,-0.165119920786983
8,PaysLoire,-0.0529806349546395,-2.45268615273373,0.400235090183987,1.25755900902979,0.242397398611544
9,PaysLoire,-0.0881522666361372,-2.46315136404831,-0.393721486366606,1.08908202702078,-0.233922385128663
10,PaysLoire,-0.112922598535082,-2.29873665372157,-0.0930686408588769,0.809496170030472,-1.00093265747533
1,Bretagne,-0.0893507565647994,1.21525074716527,0.38441652467461,-0.940068249773282,-0.491581581380564
2,Bretagne,-0.138785019035068,1.32371613177348,-0.637136519139284,-0.34291867857199,-1.30220559650704
3,Bretagne,-0.131844801396776,1.22374303297958,-0.0569874826175627,-0.321142637717912,-0.872616053506789
4,Bretagne,-0.0493835293987503,1.23067826845584,1.41934538646933,-0.725321894438224,0.526278421556055
5,Bretagne,-0.104512016303976,1.28000845755904,0.284301508663304,-0.816333112404568,-0.693294916998968
6,Bretagne,-0.123480162884526,1.11145179392773,-0.449078492313809,-0.532020457921988,-1.18507684601922
7,Bretagne,-0.127903638400476,0.978862507031879,-0.42674677113954,-0.448611217807666,-1.22283976113017
8,Bretagne,-0.062942227167852,1.19532425313739,0.796631003464256,-0.816143786619319,0.0838280827462374
9,Bretagne,-0.0569945879552468,1.60443376387687,0.749588560656734,-0.932989341922985,-0.00749275039023821
10,Bretagne,-0.117107151961052,1.38064595669785,0.444699090913651,-0.515242726922821,-0.424770136333734
1,Occitanie,0.0272116039324188,-1.18439597756429,0.398033808733264,-0.307030689349507,0.124437730438292
2,Occitanie,-0.0249177647526762,-0.634539019174796,0.121813345384529,-0.436693174320459,-0.517165371174128
3,Occitanie,0.117966718000863,-0.335684675789321,-0.144575809715628,0.12358302048905,0.801433890771239
4,Occitanie,0.0775218416357639,-0.698304047237799,-0.403434573198841,-0.154363728929054,0.384135991931073
5,Occitanie,0.0190026129711726,-0.833590164793472,-0.44642718984189,-0.0783429805671973,0.0526657372253902
6,Occitanie,0.00407024206229113,-1.00611501185614,-0.763019457293738,-0.155944875635932,-0.15208224900666
7,Occitanie,0.116109332473816,-0.848533995821554,0.908672396250803,-0.532555836996297,0.640672114205389
8,Occitanie,0.0900471940611958,-0.787762573052774,0.0937932803650437,-0.302972087196086,0.448822160484233
9,Occitanie,0.00701565540017338,-0.726964607093289,-0.392795522066901,-0.207397255773293,-0.12694696283106
10,Occitanie,-0.0278319098355101,-0.387210522008869,-0.708386088059077,-0.128909904802033,-0.404265664111872
1,PACA,0.105904462953122,-0.242050080928757,-0.983198090837549,0.359298026938049,0.753261728449858
2,PACA,0.0746113263425669,-0.17958549121761,-1.20606612049964,0.331953341475285,0.533232895019029
3,PACA,0.0523023325434971,-0.237754847263492,-1.57371007188109,0.149819730471769,0.285398223658217
4,PACA,0.108427415053784,-0.125016170962825,-1.27683660750571,0.342665904183844,0.704282215932592
5,PACA,0.07698946294314,-0.329553248279343,-0.75503065104101,0.212017553871495,0.490729992860902
6,PACA,0.0851725028104147,-0.446768384120015,-0.989695955793652,0.140552996342885,0.4830693939002
7,PACA,0.0255593971961239,-0.166111385234536,-1.23201826455994,0.167191145062358,0.107655074508589
8,PACA,0.0426539751336996,-0.481378347084914,-0.836654461710305,0.154695823629218,0.245822052592131
9,PACA,0.0449023378687361,-0.300049264578466,-0.42438052047027,0.184520613724068,0.307930184453507
10,PACA,0.0793225923899216,-0.311524180136512,-0.880885089339051,0.0459214289133359,0.383932116706697
1,Corse,-0.225118570868419,-4.81990395893145,-0.10717647611586,-0.730192584219786,-0.240116301082935
2,Corse,-0.235161392327889,-3.07179030855589,-0.151880414654251,-0.796341167570673,-0.529652564836054
3,Corse,-0.269013352866956,-4.06924314426489,0.758479491182739,-0.658714281904331,0.685285550065321
4,Corse,-0.244901969489469,-2.93931354858259,-0.302600498306554,-0.675243620889412,-0.624328809576917
5,Corse,-0.226624102038795,-5.28221252715269,-0.65338867533491,-0.550450424606221,-0.516121298754915
6,Corse,-0.220743239875351,-2.92445520970404,-0.145416727529141,-0.697605937024985,-0.280889855468758
7,Corse,-0.25894846365227,-2.40276392058846,0.733976004404673,-0.52860341181189,0.860814084958751
8,Corse,-0.275123777766256,-3.11474908079895,-0.36153343445795,-0.460555340469496,-0.530503850465959
9,Corse,-0.233872635532603,-4.1574300291684,-0.054586617054386,-0.850169962074944,-0.253707624467421
10,Corse,-0.252627806647466,-4.42833513841454,-1.03514614391477,-0.491466253400851,-1.67301650227127
