rep,id,eta_b1,eta_Dq,eta_E0,eta_A0,eta_betat1
1,IDF,0.0521797372717822,0.495520733724932,0.463250910075776,2.1536782667763,0
2,IDF,0.060390265755837,0.426288497367709,0.468367039140443,2.06368722324568,0
3,IDF,0.0468107375206974,0.473325435310138,0.532657244066204,2.1152783807149,0
4,IDF,0.0606437711877811,0.440550674948548,0.377160851947963,2.12911478320198,0
5,IDF,0.0512427967827428,0.410721294056389,0.470112585551374,2.13738634676588,0
6,IDF,0.0790937596075842,0.415867777176613,0.353541263147533,1.9974210235419,0
7,IDF,0.0546934174652586,0.421274495747238,0.5198726299435,2.06946754263866,0
8,IDF,0.0545788520446001,0.482938979292579,0.682919866963489,1.95263804457157,0
9,IDF,0.0626394083347654,0.439964016114086,0.513528192952088,2.03323410641569,0
10,IDF,0.0539657942382404,0.459862428245854,0.27137711323191,2.23590645180575,0
1,NAquitaine,0.146082845110804,-1.22955428238808,-0.494709583842445,-1.71835962539195,0
2,NAquitaine,0.145346168963674,-0.724448669193872,-0.643817472120527,-0.702392388767475,0
3,NAquitaine,0.134674107298176,-0.559271465917951,-1.14633691661988,0.250593198590237,0
4,NAquitaine,0.136905873294656,-0.722637741001127,-0.550939080003274,-0.690297344753421,0
5,NAquitaine,0.136964167074747,-0.707747370742331,-1.55649029495941,0.40705276143373,0
6,NAquitaine,0.123158516121806,-0.967981706809657,-0.501226870253662,-0.711299516425384,0
7,NAquitaine,0.122615793467928,-0.888995389245191,-0.477635612872942,-0.956103845606698,0
8,NAquitaine,0.109512861782497,-0.738013828877961,-1.62157909167494,0.590358570427379,0
9,NAquitaine,0.180071197668671,-0.698005473961089,-0.53615265467729,-2.15792491146315,0
10,NAquitaine,0.122607552485265,-1.0113454299621,-1.59312423033166,0.455149420444769,0
1,AURA,0.0400898787814524,-0.429661235209452,0.289527331424529,-0.238524574443133,0
2,AURA,0.0443759842069116,-0.226040447709963,0.407346266426381,-1.41887193600397,0
3,AURA,0.00838612712273347,-0.622072839740026,0.408984599362051,-0.0187460431368121,0
4,AURA,-0.00908893551336842,-0.250305121148062,0.630156135921362,-1.09145735990473,0
5,AURA,0.0233439901996793,-0.671322515670509,0.450977199094793,-1.28640817185995,0
6,AURA,0.0140101681274454,-0.571196237676417,0.439984381236652,-0.29742051646539,0
7,AURA,0.00573565361220695,-0.509244241072711,0.365264933512927,-0.000474359775954392,0
8,AURA,0.0150448984140443,-0.495766939279159,0.481922748376454,-1.54899028400503,0
9,AURA,-0.000933430612342063,-0.457940693951464,0.530563396623037,-0.729542642829034,0
10,AURA,0.0330171233418821,-0.504594841819631,0.414972132070264,-1.0841582765758,0
1,Centre,0.171477730084187,1.44428946464001,-0.896341405806867,1.03574094465964,0
2,Centre,0.277790978768928,1.34582772388899,-0.774198532912619,0.392759383693254,0
3,Centre,0.210962569501042,1.31240825303031,-0.9262028652806,0.827683085518285,0
4,Centre,0.172371326906468,1.39054503602427,-0.773560268526477,1.02309852326446,0
5,Centre,0.206553073412711,1.49729986244757,-0.313492301390193,0.327802220883131,0
6,Centre,0.159992583484526,1.27876221185908,-1.24517026015601,1.20436143889621,0
7,Centre,0.128566077214622,1.40303422314792,-0.369353508371967,0.916468012680094,0
8,Centre,0.184622916214554,1.58201372780555,-0.551186429743418,0.898556254486087,0
9,Centre,0.181653629991831,1.57971955265875,-0.0311528074751245,0.196766877025596,0
10,Centre,0.226071465991552,1.33704223924199,-0.471438386947538,0.413736930217387,0
1,BFC,-0.0985201203678785,-0.220880898294439,-0.583868999701745,0.367922193347008,0
2,BFC,-0.143145381550087,-0.546685376171815,-0.924320081134285,1.04175323380025,0
3,BFC,-0.139088081287791,-0.450464524572834,-0.69058164353634,0.827657413540242,0
4,BFC,-0.137241155344542,-0.278181514839981,-0.578834806800644,0.750833178050361,0
5,BFC,-0.131562868048365,-0.404974382778558,-0.746144378746365,0.790413346610641,0
6,BFC,-0.139989069057565,-0.293645906787014,-0.351180069034647,0.618812021168949,0
7,BFC,-0.125253736230989,-0.233818941805035,-1.15920657486688,0.994766937639482,0
8,BFC,-0.121976656247698,-0.361697289617866,-0.436881033314689,0.407540775165295,0
9,BFC,-0.111040887787947,-0.253764923513574,-0.533933083621819,0.516130061158635,0
10,BFC,-0.143315611358446,-0.528873909576696,-0.831086006824629,0.885688247736175,0
1,Normandie,0.00242149149435195,1.28990023211256,1.01434018659223,-2.12147014857896,0
2,Normandie,0.0689735202024285,1.28832679303397,0.750721018796784,0.262448901698803,0
3,Normandie,0.0182150106566414,1.3060441271649,0.9712175673116,-0.4586180899104,0
4,Normandie,0.0729569834708121,1.14403061914293,0.832285094079439,-1.84132715437312,0
5,Normandie,0.0394222805130329,1.12900025823554,0.751810313743937,0.321651020292491,0
6,Normandie,0.0378498481504906,1.42851062827382,0.936346458589805,-1.41983647447777,0
7,Normandie,0.0544482277648039,1.26319535477799,0.926621888593732,-1.12991623448929,0
8,Normandie,0.00561780410092623,1.33310742475585,0.742583839386249,1.01847823210339,0
9,Normandie,0.0776705059663819,1.28440314409546,0.849512483516802,-0.775101396475069,0
10,Normandie,0.0525758902438537,1.29411043927794,0.842079926836688,-0.177494087938068,0
1,HDF,-0.0612539793980022,0.829864934688135,0.424078710797017,-0.148901633722407,0
2,HDF,-0.0662564284561338,0.818732066164099,0.5850656614536,-1.62048041685829,0
3,HDF,-0.0413421525487506,0.670325705078036,0.470239211470481,-1.28055861467482,0
4,HDF,-0.0580326952383792,0.722011925464766,0.592076372350626,-2.2397693870044,0
5,HDF,-0.0598348191343349,0.746672772673441,0.577876391619934,-2.38884524028724,0
6,HDF,-0.0603705297665084,0.837354413592688,0.571614814547845,-1.46003758930508,0
7,HDF,-0.058176444125981,0.900078792128629,0.58292452258421,-1.43623313785993,0
8,HDF,-0.040812566856684,0.848560652860951,0.514841169901195,-2.41534739774292,0
9,HDF,-0.0334841696524701,0.724452634471088,0.425496053259508,-0.735105614716836,0
10,HDF,-0.0296884076284085,0.781225958830832,0.384965408339102,-0.916154583711302,0
1,GrandEst,-0.0367305312220485,0.7394631913109,-0.644595272431426,2.07469856763608,0
2,GrandEst,-0.0189184433400274,0.636262641940201,-0.471126925164991,1.90092126598954,0
3,GrandEst,-0.0243268949918192,0.719249787061056,-0.286462215274596,1.88391762469554,0
4,GrandEst,-0.0326490994182293,0.674942508508699,-0.841928139357779,2.08731217119533,0
5,GrandEst,-0.0261904142430749,0.770748159571144,-1.06663519420123,2.12166781227943,0
6,GrandEst,-0.0434865305332112,0.683162478053071,-0.826945646030815,2.14053319311712,0
7,GrandEst,-0.0326830498166161,0.681226640944971,-0.115415138711811,1.85082039216555,0
8,GrandEst,-0.0290442087984198,0.673399166971273,0.132854006618449,1.72229216072223,0
9,GrandEst,-0.0270545200277535,0.640440469997426,-0.837687298612388,2.05626788861055,0
10,GrandEst,-0.0330245060582461,0.666183444455272,-0.655369666190024,2.03414588752355,0
1,PaysLoire,0.00724229739227768,-4.19130324913786,0.477872782276544,-1.31838330649808,0
2,PaysLoire,-0.0176789263940535,-3.91672779408122,0.358106805000637,-0.345951809474998,0
3,PaysLoire,0.0155246915025154,-3.04212809817925,0.294477459032569,-0.129240379704661,0
4,PaysLoire,0.0100512113696644,-3.09781793524084,0.421067536222696,-0.560418021405267,0
5,PaysLoire,-0.0134998030016526,-4.305201261258,0.270779806284661,0.487328160120208,0
6,PaysLoire,-0.00971311064059596,-3.42220002745574,0.380266071651459,-0.0801801056305142,0
7,PaysLoire,0.0474721170865797,-2.99478574487833,-0.0407704639865731,0.565269127559294,0
8,PaysLoire,-0.0324975577697008,-4.04385015089532,0.613469473115693,-0.865305914568523,0
9,PaysLoire,-0.0191427799241967,-3.04378363897426,0.420468189775528,-0.211522764216443,0
10,PaysLoire,-0.0143522568305055,-3.0053796671416,0.378119832508846,-0.37046439610745,0
1,Bretagne,-0.22749573757311,0.573771875383779,0.279271729572852,-0.505290414708836,0
2,Bretagne,-0.127476488591238,0.705368083673726,0.105972456315313,-3.24153945292786,0
3,Bretagne,-0.184474433192586,0.468445139806114,0.190293360862728,-2.57634232061161,0
4,Bretagne,-0.181928036411844,0.460197580237788,0.16616863294638,-1.31216736347655,0
5,Bretagne,-0.124604630980719,0.444332122422726,0.00174238825180219,-3.2819332953385,0
6,Bretagne,-0.181637913462415,0.443963478095917,0.223714292585342,-2.04160808038388,0
7,Bretagne,-0.148717891790247,0.746902434491207,-0.188034376105493,0.372856559134924,0
8,Bretagne,-0.159989794179585,0.4192894558344,0.0327173666764285,-0.434613321444,0
9,Bretagne,-0.150337169291366,0.481778079919264,-0.0561324945202805,-0.148121665234456,0
10,Bretagne,-0.113304482819475,0.770559970756491,0.00621134724242987,-2.13777277735708,0
1,Occitanie,-0.0903195487560507,-0.076877339642179,0.320995138433699,-3.30272007559934,0
2,Occitanie,-0.102203147921265,0.0059571314377117,-0.348639219952723,1.02027827141926,0
3,Occitanie,-0.0676402952025467,-0.158001851980564,0.208818297288278,-1.81853209125503,0
4,Occitanie,-0.0577671999950111,-0.183176292846115,-0.54276455288101,0.751940324051018,0
5,Occitanie,-0.0742806598159251,-0.295705928250938,-1.11657207650434,1.26388435573285,0
6,Occitanie,-0.0425172395836074,0.022791341565909,0.0114815478813652,-0.485268902648962,0
7,Occitanie,-0.0966932060994644,0.00153290958825043,-0.594546795664441,1.2089629093399,0
8,Occitanie,-0.0562861592442426,-0.186633997750886,-0.531868496090004,0.879765187190244,0
9,Occitanie,-0.0680906833063603,0.161054799992282,-0.261555730470683,0.719848122831883,0
10,Occitanie,-0.0679242874792263,-0.0313717408195921,-0.344262574770544,0.732250146290537,0
1,PACA,-0.0109824079753698,-0.207299262996367,-0.0880189405906312,-0.10452962245749,0
2,PACA,-0.0160865717136253,-0.164396923916639,0.133828713405437,-1.19881485703229,0
3,PACA,-0.0312437746478828,0.014488485368059,-0.440403289850312,0.842417109943767,0
4,PACA,-0.0198409781761246,-0.131759942006085,0.199395511013042,-2.76623857013497,0
5,PACA,-0.00251381840556293,-0.0902167059269929,-0.129294831167379,-0.0928539690486396,0
6,PACA,0.00643275577909311,-0.146442340737845,-0.16823849610723,0.0293543559911453,0
7,PACA,0.00375746022809072,-0.127553784883496,0.129246681563948,-2.57530374738521,0
8,PACA,-0.0515578210833384,-0.185670316902578,-0.397105542798084,0.995001046048277,0
9,PACA,0.000643105023357373,6.41340749810999e-5,0.161085440785475,-3.00378652749811,0
10,PACA,-0.0544427386631667,-0.114637906594768,0.0715469931983034,-0.0827923975808309,0
