rep,id,eta_b1,eta_b2,eta_Dq,eta_E0,eta_A0
1,IDF,0.38654408770307,-0.275121873953914,0.757611161329029,-0.637374156851736,0.312859642473191
2,IDF,0.37292056124384,-0.201964179362174,0.709335276222119,-1.17980738058105,0.522562520346429
3,IDF,0.357712897483137,-0.234260544823829,0.693015319316381,-1.22176731697889,0.626827116807314
4,IDF,0.389520836553259,-0.220479229433402,0.692928373982445,-1.36597748487377,0.463620379157677
5,IDF,0.386775358199708,-0.200877365954361,0.704026219722082,-0.731011672769873,0.28182180149836
6,IDF,0.34359848176982,-0.204964615669329,0.790306833306188,-1.25201792832149,0.714324808300906
7,IDF,0.358619258785531,-0.257829049184078,0.743551979064875,-1.02560153890505,0.614705484349057
8,IDF,0.387232496326516,-0.214441729339855,0.671609985754204,-1.50165264452917,0.513650773832835
9,IDF,0.387036769396103,-0.235520487485937,0.732640375253504,-0.547452659423784,0.224588560098247
10,IDF,0.346840328246765,-0.21829451426766,0.712799475071798,-1.71067694282094,0.779647959000283
1,NAquitaine,0.187059134214651,0.194957894783581,-0.384134679584164,0.024262990145727,-0.296464329409401
2,NAquitaine,0.116394369940809,0.0967232073180835,-0.293991269563203,-0.442235649534509,0.707104181594364
3,NAquitaine,0.27903925891861,0.149460058555789,-0.167342824245305,-0.550011769791853,-0.092757650589455
4,NAquitaine,0.193550978546276,0.218444278238126,-0.452926878840858,-0.672613587613168,0.343579139828747
5,NAquitaine,0.144926242500799,0.181185151252431,-0.509239517934457,0.217168197690767,-0.3529023321575
6,NAquitaine,0.206466607273866,0.177267095366486,-0.452553014263887,-0.517406344971028,0.225572851787028
7,NAquitaine,0.251899019243499,0.088016179215819,-0.382629739934083,0.10193010804487,-1.06536087161117
8,NAquitaine,0.216002249505651,0.20219549794353,-0.161315865550212,-0.419589702376768,0.0888378895112213
9,NAquitaine,0.26186987831064,0.187349945088753,-0.0693241731380212,-0.276582209988482,-0.237836522217274
10,NAquitaine,0.275828090150625,0.0863665324425782,-0.254892484836322,0.0249199696308388,-0.872339890779169
1,AURA,0.144027855066647,-0.12573413657379,0.462897728588479,0.139015808471001,-0.297506620299168
2,AURA,0.109258281437939,-0.14282911819579,0.431461608878356,-0.4311769031494,0.637496301024344
3,AURA,0.154028069406485,-0.0938575682418818,0.510279974942181,0.205784673761715,-0.860707377559055
4,AURA,0.152415045518846,-0.182145746187573,0.386434566769022,-0.760807960694874,0.539827720524411
5,AURA,0.167522129068059,-0.189411884837435,0.452193993250658,-0.39031342783168,0.199690628501485
6,AURA,0.0936160775544114,-0.138331899077287,0.645821848116925,-0.362433444557321,0.709992069685683
7,AURA,0.0935035792927998,-0.148800960693467,0.636231172180153,0.640037317770694,-1.15750454689392
8,AURA,0.0682104145398703,-0.11606692447001,0.557450218685198,0.122091988144359,0.535059275630078
9,AURA,0.117565016386539,-0.0970359203930486,0.539905987400638,0.0417973939802006,0.0759746607234232
10,AURA,0.101978759122018,-0.105797735623119,0.575455820734725,-0.190036827329846,0.474324403350178
1,Centre,0.277629560429365,0.420725025830179,1.35366463421862,-0.58667017674802,-1.84403119131663
2,Centre,0.208049806103462,0.573001987834608,1.38352308343458,-0.450792497880362,-2.24848232702149
3,Centre,0.0624323703243694,0.485122836121185,1.22206852547879,-0.226792864917147,-0.955360017914722
4,Centre,0.154601516782995,0.476623339988491,1.42940243155669,-1.18379804739252,-0.0284302875140712
5,Centre,0.235266158428489,0.506633274723606,1.1899878932812,-0.653794202926692,-1.3928101035488
6,Centre,0.216652680310064,0.35791781911284,1.53693251856292,-0.363547960843358,-1.14698764739385
7,Centre,0.339054151449743,0.407023966707826,1.44535893345173,-0.635164494698812,-2.32769106484025
8,Centre,0.184551622532614,0.43957043169861,1.55835022604867,-0.50044464914698,-1.00484943480523
9,Centre,0.211055873765831,0.339941766422728,1.75701077888049,-0.066061006919115,-2.47677170580988
10,Centre,0.0969196826419284,0.523286650718614,1.38112909771648,-0.198997334950872,-1.38871501055634
1,BFC,-0.00960930743524424,-0.0529986229899408,0.00380219368710117,-0.25964739032307,0.0641692227949219
2,BFC,-0.00565775753915723,-0.0552658112210256,-0.0457492442831549,-0.285022983639317,0.0976320671567594
3,BFC,-0.0384106809415138,0.0272589722916358,-0.33198801841446,-1.12149836363307,0.719366040431301
4,BFC,-0.0767146496127041,-0.0353500944837009,-0.355939981316105,-0.352705746692129,0.550576134845928
5,BFC,-0.0533001312443339,-0.0916985449127316,-0.175746269619617,-0.508557912374797,0.626754421846917
6,BFC,-0.0768600572872374,0.00783666140497833,-0.168508876934867,-0.953352202961049,0.821370458856479
7,BFC,-0.117621359583007,0.0131110614643782,-0.259358043143374,-1.02744908065399,0.955534615909351
8,BFC,-0.0700466584130674,-0.00309826706636027,-0.278296406126597,-0.788075720716841,0.717578431321083
9,BFC,-0.0165964302850457,-0.0192709938602417,-0.12809086208859,-0.54511128825159,0.421303916477402
10,BFC,-0.00889437642290832,0.0162435994639502,-0.503133241211973,-0.603914024626236,0.267229186740414
1,Normandie,-0.04353395542145,0.294781379647386,1.3757687952015,1.86764534744927,-0.141774686685149
2,Normandie,-0.106825426140585,0.345823817582027,1.69217660733245,1.82105427108819,0.748176935757419
3,Normandie,-0.493682590942437,0.331001225088882,1.51797068779952,1.79097614875643,2.17276235869436
4,Normandie,0.0265264711122828,0.175175775021093,1.5908283023931,1.92714415205961,-1.24972399579272
5,Normandie,-0.0512149534674778,0.234051611608071,1.33410891432722,1.84901002748877,0.628832217292559
6,Normandie,0.0864351362896647,0.232492018933873,1.45534237450975,1.80974452420689,-0.24283175166159
7,Normandie,-0.252419604165193,0.280246414572345,1.72112796565168,1.33591850463937,2.33419571235888
8,Normandie,-0.00845786964529333,0.197961955769388,1.5439391239871,1.82167885951878,-0.0271512781214912
9,Normandie,-0.00169276939807682,0.233935841262455,1.63866747038696,1.94706974581029,-0.658463732473712
10,Normandie,-0.134890294802698,0.21969034453213,1.14296839097656,1.79901475793337,1.00003958292437
1,HDF,-0.259238186975255,0.459160881794718,0.944274974623888,1.60801808025795,-2.03386105612673
2,HDF,-0.258016518074482,0.482402891406027,0.990351819683323,1.46532398343848,0.204010096398958
3,HDF,-0.30747840880823,0.415517023103065,0.931455533594094,1.53223776201607,0.780131763142844
4,HDF,-0.280701869878892,0.48824766789836,0.878955094931936,1.55002473610565,0.082669925901263
5,HDF,-0.276284561471609,0.493602230975176,0.801408586332243,1.60099251039043,-1.61049301548579
6,HDF,-0.210400729953028,0.423030906205177,1.08951003752231,1.52633065958134,-1.84115280527241
7,HDF,-0.281598633318352,0.450687382835847,0.856406671710757,1.48433940891043,0.466456126798464
8,HDF,-0.256943074529085,0.477837808336865,0.808279355364783,1.51021988206329,0.00594229416900055
9,HDF,-0.293582825103294,0.420601460894081,0.894129129073398,1.64581078823223,0.0687887647273428
10,HDF,-0.247368911451164,0.402807421704373,1.07346537468262,1.56828001811416,-0.0856919944582814
1,GrandEst,0.0772433843935779,-0.0417367487290083,0.937434276246643,-0.577936193306217,1.65581827908812
2,GrandEst,0.101243590363211,-0.0186159765258171,1.02266152963758,-0.389779629111874,1.47558994541324
3,GrandEst,0.0657794102898072,0.0262755823931475,0.990162972122222,-0.00898578651987905,1.51700557709449
4,GrandEst,0.080822945129115,-0.0171650179263308,0.952180402393661,-0.741384505511032,1.62519151718737
5,GrandEst,0.0943969351690345,-0.0319120053758997,0.934494224870841,-0.31693792784297,1.52609659972085
6,GrandEst,0.0749646091450205,-0.0351397512003841,1.02700325889837,-0.307908423314202,1.58740479650183
7,GrandEst,0.111044552823723,-0.0584325537207838,0.961208079788504,-0.137407286381068,1.41068827667588
8,GrandEst,0.0844399182530029,0.00603203023264048,0.946001275490777,-0.541632908816657,1.5871596248834
9,GrandEst,0.0928257142450618,-0.00249858245188688,1.0074063792972,-0.781877464518451,1.61254253047653
10,GrandEst,0.112708328149386,-0.0557681017246486,0.968060904230097,-0.269608425913103,1.40720013456231
1,PaysLoire,-0.0799757328936348,0.0532494026137972,-3.65869322786369,1.13952406919273,1.00053039236476
2,PaysLoire,-0.0191149950145166,-0.171454411341916,-1.67566419211343,1.16937737558095,1.09899797672671
3,PaysLoire,-0.0992589132577306,-0.0227679771986322,-1.81868371334365,1.70301555121778,-1.00067039388186
4,PaysLoire,0.127377417108794,-0.245092295928298,-1.78785491320827,0.763499812716718,0.733317246897361
5,PaysLoire,-0.0554793317450577,-0.138502704101738,-1.16505647834917,1.05372059799478,1.41010094081837
6,PaysLoire,-0.0394337734234853,0.0441269808532942,-2.7030975198492,1.41046564702935,-0.61162747111273
7,PaysLoire,-0.0960044188465875,-0.165062326605648,-2.03217941041935,1.65774777016613,-0.882698267010353
8,PaysLoire,-0.0636600112470961,-0.152194996558707,-3.89781163760715,1.35663746575945,0.901228396026812
9,PaysLoire,-0.102983688364101,-0.0967734760613668,-2.32855744632365,1.20928114664583,1.41339710006344
10,PaysLoire,-0.159004497836895,0.016859264569319,-2.14463111740641,1.73225757379387,-0.649919447146575
1,Bretagne,-0.108928826002994,-0.0897758381570823,1.15866460970678,0.429580704983983,-0.705091224355503
2,Bretagne,0.00248309023841178,-0.324334384323428,1.44777332658311,0.393576925308804,-1.33746853486721
3,Bretagne,-0.0937652040019868,-0.0271112137318858,1.30728826194771,0.51427162797145,-1.43645813106355
4,Bretagne,-0.121815254867036,-0.0264121341461419,1.16838329778332,0.593163786210737,-1.34088797658244
5,Bretagne,-0.051472346080744,0.0182510727733368,0.896561654712161,0.167911776098401,-0.606019480890112
6,Bretagne,-0.0537561987139374,-0.0757719531180835,1.09375196408134,0.375822840475477,-1.87071333852357
7,Bretagne,-0.075112583950824,-0.173604157609658,1.34512852734213,0.474015269850542,-0.603002797467028
8,Bretagne,-0.0952784554896744,-0.0463988560939445,1.42792144941275,0.593875989178043,-1.66659750512956
9,Bretagne,-0.129777716820837,0.0322193797467628,1.15374938489999,0.456392337531047,-0.719599806586468
10,Bretagne,0.0122418345950549,-0.231877396165368,1.41927394059544,0.349269667852815,-1.94676076232932
1,Occitanie,0.0909265890627259,0.0700527472765426,-0.652418250976964,0.277918872640361,-0.339995603263433
2,Occitanie,0.0311443710165249,0.145992117666123,-0.463366763825664,-0.3306791757288,0.716524911511035
3,Occitanie,0.0318697642662823,-0.0756219542470156,-0.292946446900517,-0.919476413309247,1.09089817481147
4,Occitanie,0.116573656980738,0.0314514211940165,-0.528932114861259,-0.380220686319063,0.306470715566004
5,Occitanie,0.0709063765659479,-0.0315381573728196,-0.69086798039546,0.0852590459427829,0.213617206673598
6,Occitanie,0.0517286166285189,0.278788118900813,-0.558089030372965,-0.602769105561967,0.586560412689337
7,Occitanie,0.0916370399412253,0.139276457775483,-0.647280423526052,-0.952623024363002,0.71125248759821
8,Occitanie,0.0812823868440141,0.13428549488014,-0.499269418935781,-0.327310296755572,0.397502356773928
9,Occitanie,0.112621402594431,0.104824035669643,-0.529235433240022,-0.957616347793859,0.649098949660444
10,Occitanie,0.0875885712583674,0.121875110384635,-1.04687115824969,-0.167998510778983,0.175521446050777
1,PACA,-0.033478758979474,0.205260814923662,-0.430922196571864,-0.896891482686674,1.34315547925571
2,PACA,0.0398249328414559,0.215250213045138,-0.321970925950724,-1.48694491542859,1.12686113433193
3,PACA,-0.0165616207590315,0.270022720785772,-0.496187049259432,-1.00914314553971,1.2556644626403
4,PACA,0.0408681730828801,0.107467934923405,-0.236569612462724,-1.759659484182,1.19738171649698
5,PACA,0.0144367549647138,0.158769471067305,-0.486486461209544,-1.79603810876271,1.25644943305045
6,PACA,0.00834350787516847,0.246776032213279,-0.489441574240473,-1.64301721626169,1.21932252188952
7,PACA,0.0401514535134712,0.172198295127547,-0.514497803208528,-1.47247187336698,1.16988251046003
8,PACA,-0.0111677142306403,0.216237147630231,-0.527064479622409,-1.18047268705514,1.27064721234369
9,PACA,0.00147332194994723,0.210501695278909,-0.420155662051154,-0.873123782032911,1.17924240640512
10,PACA,0.0342309222541637,0.249866976328147,-0.433704937184784,-1.42930246065157,1.15323464226287
1,Corse,-0.458413987264662,-1.13448113890636,-2.56068844959054,0.0425374257095172,-2.19652743455434
2,Corse,-0.519281729925811,-1.00409120905868,-3.38191402253237,0.0146305456811681,-1.61195572295282
3,Corse,-0.412809683890142,-1.2362192381191,-3.61967149428064,-0.0317424039496611,-1.67826691713281
4,Corse,-0.521393617843667,-0.747875033107291,-4.00746926049375,0.00726170695375022,-2.86723372678321
5,Corse,-0.477780371659912,-1.31911893490244,-3.12442482100108,-0.113705784259406,-1.0649267480948
6,Corse,-0.541406694202429,-0.829218958023202,-4.11441334554804,-0.148105716641534,-0.705191924631131
7,Corse,-0.530355975903221,-1.29183682907021,-3.09324289678938,-0.0109188967675163,-0.990753877496504
8,Corse,-0.418129781763086,-0.838437004465182,-4.87050122643413,-0.241484078531209,-1.19948237599199
9,Corse,-0.374091081800798,-1.39007457745543,-3.49402371845457,-0.047765361415754,-1.98522951962786
10,Corse,-0.501204173024719,-0.834598863866372,-2.48580510663021,-0.0378195897353234,-1.10649772672555
