id,time,Y1,init_I0,init_H0,isolation,popsize,ascertainement,timesinceconf
IDF,0,25,34,0,0,1.22782e+7,0.0431011,0
IDF,1,3,34,0,0,1.22782e+7,0.0431011,0
IDF,2,18,34,0,0,1.22782e+7,0.0431011,0
IDF,3,21,34,0,0,1.22782e+7,0.0431011,0
IDF,4,13,34,0,0,1.22782e+7,0.0431011,0
IDF,5,15,34,0,0,1.22782e+7,0.0431011,0
IDF,6,0,34,0,0,1.22782e+7,0.0431011,0
IDF,7,0,34,0,0,1.22782e+7,0.0431011,0
IDF,8,230,34,0,0,1.22782e+7,0.0431011,0
IDF,9,158,34,0,0,1.22782e+7,0.0431011,0
IDF,10,85,34,0,0,1.22782e+7,0.0431011,0
IDF,11,144,34,0,0,1.22782e+7,0.0431011,0
IDF,12,228,34,0,0,1.22782e+7,0.0431011,0
IDF,13,260,34,0,0,1.22782e+7,0.0431011,0
IDF,14,553,34,0,0,1.22782e+7,0.0431011,0
IDF,15,415,34,0,0,1.22782e+7,0.0431011,0
IDF,16,516,34,0,1,1.22782e+7,0.0431011,1
IDF,17,691,34,0,1,1.22782e+7,0.0431011,2
IDF,18,434,34,0,1,1.22782e+7,0.0431011,3
IDF,19,877,34,0,1,1.22782e+7,0.0431011,4
IDF,20,588,34,0,1,1.22782e+7,0.0431011,5
IDF,21,928,34,0,1,1.22782e+7,0.0431011,6
IDF,22,587,34,0,1,1.22782e+7,0.0431011,7
IDF,23,862,34,0,1,1.22782e+7,0.0431011,8
NAquitaine,0,1,5,1,0,5.99998e+6,0.0323584,0
NAquitaine,1,3,5,1,0,5.99998e+6,0.0323584,0
NAquitaine,2,3,5,1,0,5.99998e+6,0.0323584,0
NAquitaine,3,6,5,1,0,5.99998e+6,0.0323584,0
NAquitaine,4,0,5,1,0,5.99998e+6,0.0323584,0
NAquitaine,5,0,5,1,0,5.99998e+6,0.0323584,0
NAquitaine,6,37,5,1,0,5.99998e+6,0.0323584,0
NAquitaine,7,12,5,1,0,5.99998e+6,0.0323584,0
NAquitaine,8,21,5,1,0,5.99998e+6,0.0323584,0
NAquitaine,9,27,5,1,0,5.99998e+6,0.0323584,0
NAquitaine,10,16,5,1,0,5.99998e+6,0.0323584,0
NAquitaine,11,14,5,1,0,5.99998e+6,0.0323584,0
NAquitaine,12,34,5,1,0,5.99998e+6,0.0323584,0
NAquitaine,13,22,5,1,0,5.99998e+6,0.0323584,0
NAquitaine,14,37,5,1,1,5.99998e+6,0.0323584,1
NAquitaine,15,43,5,1,1,5.99998e+6,0.0323584,2
NAquitaine,16,152,5,1,1,5.99998e+6,0.0323584,3
NAquitaine,17,89,5,1,1,5.99998e+6,0.0323584,4
NAquitaine,18,91,5,1,1,5.99998e+6,0.0323584,5
NAquitaine,19,64,5,1,1,5.99998e+6,0.0323584,6
NAquitaine,20,113,5,1,1,5.99998e+6,0.0323584,7
NAquitaine,21,123,5,1,1,5.99998e+6,0.0323584,8
AURA,0,26,37,0,0,8.03238e+6,0.0259584,0
AURA,1,3,37,0,0,8.03238e+6,0.0259584,0
AURA,2,9,37,0,0,8.03238e+6,0.0259584,0
AURA,3,15,37,0,0,8.03238e+6,0.0259584,0
AURA,4,11,37,0,0,8.03238e+6,0.0259584,0
AURA,5,27,37,0,0,8.03238e+6,0.0259584,0
AURA,6,0,37,0,0,8.03238e+6,0.0259584,0
AURA,7,0,37,0,0,8.03238e+6,0.0259584,0
AURA,8,109,37,0,0,8.03238e+6,0.0259584,0
AURA,9,53,37,0,0,8.03238e+6,0.0259584,0
AURA,10,65,37,0,0,8.03238e+6,0.0259584,0
AURA,11,87,37,0,0,8.03238e+6,0.0259584,0
AURA,12,38,37,0,0,8.03238e+6,0.0259584,0
AURA,13,69,37,0,0,8.03238e+6,0.0259584,0
AURA,14,95,37,0,0,8.03238e+6,0.0259584,0
AURA,15,92,37,0,0,8.03238e+6,0.0259584,0
AURA,16,148,37,0,1,8.03238e+6,0.0259584,1
AURA,17,156,37,0,1,8.03238e+6,0.0259584,2
AURA,18,87,37,0,1,8.03238e+6,0.0259584,3
AURA,19,165,37,0,1,8.03238e+6,0.0259584,4
AURA,20,165,37,0,1,8.03238e+6,0.0259584,5
AURA,21,299,37,0,1,8.03238e+6,0.0259584,6
AURA,22,127,37,0,1,8.03238e+6,0.0259584,7
AURA,23,236,37,0,1,8.03238e+6,0.0259584,8
Centre,0,2,18,0,0,2.55907e+6,0.028274,0
Centre,1,2,18,0,0,2.55907e+6,0.028274,0
Centre,2,10,18,0,0,2.55907e+6,0.028274,0
Centre,3,3,18,0,0,2.55907e+6,0.028274,0
Centre,4,21,18,0,0,2.55907e+6,0.028274,0
Centre,5,17,18,0,0,2.55907e+6,0.028274,0
Centre,6,19,18,0,0,2.55907e+6,0.028274,0
Centre,7,13,18,0,0,2.55907e+6,0.028274,0
Centre,8,25,18,0,1,2.55907e+6,0.028274,1
Centre,9,29,18,0,1,2.55907e+6,0.028274,2
Centre,10,62,18,0,1,2.55907e+6,0.028274,3
Centre,11,35,18,0,1,2.55907e+6,0.028274,4
Centre,12,37,18,0,1,2.55907e+6,0.028274,5
Centre,13,70,18,0,1,2.55907e+6,0.028274,6
Centre,14,89,18,0,1,2.55907e+6,0.028274,7
Centre,15,111,18,0,1,2.55907e+6,0.028274,8
BFC,0,4,8,0,0,2.78304e+6,0.0700759,0
BFC,1,5,8,0,0,2.78304e+6,0.0700759,0
BFC,2,3,8,0,0,2.78304e+6,0.0700759,0
BFC,3,23,8,0,0,2.78304e+6,0.0700759,0
BFC,4,39,8,0,0,2.78304e+6,0.0700759,0
BFC,5,51,8,0,0,2.78304e+6,0.0700759,0
BFC,6,0,8,0,0,2.78304e+6,0.0700759,0
BFC,7,0,8,0,0,2.78304e+6,0.0700759,0
BFC,8,17,8,0,0,2.78304e+6,0.0700759,0
BFC,9,9,8,0,0,2.78304e+6,0.0700759,0
BFC,10,64,8,0,0,2.78304e+6,0.0700759,0
BFC,11,53,8,0,0,2.78304e+6,0.0700759,0
BFC,12,67,8,0,0,2.78304e+6,0.0700759,0
BFC,13,73,8,0,0,2.78304e+6,0.0700759,0
BFC,14,95,8,0,0,2.78304e+6,0.0700759,0
BFC,15,42,8,0,0,2.78304e+6,0.0700759,0
BFC,16,44,8,0,1,2.78304e+6,0.0700759,1
BFC,17,103,8,0,1,2.78304e+6,0.0700759,2
BFC,18,74,8,0,1,2.78304e+6,0.0700759,3
BFC,19,133,8,0,1,2.78304e+6,0.0700759,4
BFC,20,275,8,0,1,2.78304e+6,0.0700759,5
BFC,21,169,8,0,1,2.78304e+6,0.0700759,6
BFC,22,163,8,0,1,2.78304e+6,0.0700759,7
BFC,23,59,8,0,1,2.78304e+6,0.0700759,8
Normandie,0,26,37,6,0,3.3035e+6,0.0203821,0
Normandie,1,17,37,6,0,3.3035e+6,0.0203821,0
Normandie,2,14,37,6,0,3.3035e+6,0.0203821,0
Normandie,3,29,37,6,0,3.3035e+6,0.0203821,0
Normandie,4,30,37,6,0,3.3035e+6,0.0203821,0
Normandie,5,16,37,6,0,3.3035e+6,0.0203821,0
Normandie,6,13,37,6,0,3.3035e+6,0.0203821,0
Normandie,7,18,37,6,0,3.3035e+6,0.0203821,0
Normandie,8,34,37,6,1,3.3035e+6,0.0203821,1
Normandie,9,33,37,6,1,3.3035e+6,0.0203821,2
Normandie,10,46,37,6,1,3.3035e+6,0.0203821,3
Normandie,11,58,37,6,1,3.3035e+6,0.0203821,4
Normandie,12,117,37,6,1,3.3035e+6,0.0203821,5
Normandie,13,49,37,6,1,3.3035e+6,0.0203821,6
Normandie,14,75,37,6,1,3.3035e+6,0.0203821,7
Normandie,15,102,37,6,1,3.3035e+6,0.0203821,8
HDF,0,36,45,0,0,5.96266e+6,0.0179363,0
HDF,1,14,45,0,0,5.96266e+6,0.0179363,0
HDF,2,6,45,0,0,5.96266e+6,0.0179363,0
HDF,3,9,45,0,0,5.96266e+6,0.0179363,0
HDF,4,23,45,0,0,5.96266e+6,0.0179363,0
HDF,5,76,45,0,0,5.96266e+6,0.0179363,0
HDF,6,0,45,0,0,5.96266e+6,0.0179363,0
HDF,7,0,45,0,0,5.96266e+6,0.0179363,0
HDF,8,36,45,0,0,5.96266e+6,0.0179363,0
HDF,9,54,45,0,0,5.96266e+6,0.0179363,0
HDF,10,86,45,0,0,5.96266e+6,0.0179363,0
HDF,11,48,45,0,0,5.96266e+6,0.0179363,0
HDF,12,69,45,0,0,5.96266e+6,0.0179363,0
HDF,13,41,45,0,0,5.96266e+6,0.0179363,0
HDF,14,78,45,0,0,5.96266e+6,0.0179363,0
HDF,15,27,45,0,0,5.96266e+6,0.0179363,0
HDF,16,53,45,0,1,5.96266e+6,0.0179363,1
HDF,17,35,45,0,1,5.96266e+6,0.0179363,2
HDF,18,59,45,0,1,5.96266e+6,0.0179363,3
HDF,19,32,45,0,1,5.96266e+6,0.0179363,4
HDF,20,145,45,0,1,5.96266e+6,0.0179363,5
HDF,21,333,45,0,1,5.96266e+6,0.0179363,6
HDF,22,263,45,0,1,5.96266e+6,0.0179363,7
HDF,23,221,45,0,1,5.96266e+6,0.0179363,8
GrandEst,0,11,12,0,0,5.51175e+6,0.0513624,0
GrandEst,1,1,12,0,0,5.51175e+6,0.0513624,0
GrandEst,2,25,12,0,0,5.51175e+6,0.0513624,0
GrandEst,3,39,12,0,0,5.51175e+6,0.0513624,0
GrandEst,4,59,12,0,0,5.51175e+6,0.0513624,0
GrandEst,5,114,12,0,0,5.51175e+6,0.0513624,0
GrandEst,6,0,12,0,0,5.51175e+6,0.0513624,0
GrandEst,7,0,12,0,0,5.51175e+6,0.0513624,0
GrandEst,8,214,12,0,0,5.51175e+6,0.0513624,0
GrandEst,9,114,12,0,0,5.51175e+6,0.0513624,0
GrandEst,10,121,12,0,0,5.51175e+6,0.0513624,0
GrandEst,11,212,12,0,0,5.51175e+6,0.0513624,0
GrandEst,12,174,12,0,0,5.51175e+6,0.0513624,0
GrandEst,13,293,12,0,0,5.51175e+6,0.0513624,0
GrandEst,14,165,12,0,0,5.51175e+6,0.0513624,0
GrandEst,15,277,12,0,0,5.51175e+6,0.0513624,0
GrandEst,16,343,12,0,1,5.51175e+6,0.0513624,1
GrandEst,17,480,12,0,1,5.51175e+6,0.0513624,2
GrandEst,18,363,12,0,1,5.51175e+6,0.0513624,3
GrandEst,19,83,12,0,1,5.51175e+6,0.0513624,4
GrandEst,20,306,12,0,1,5.51175e+6,0.0513624,5
GrandEst,21,861,12,0,1,5.51175e+6,0.0513624,6
GrandEst,22,666,12,0,1,5.51175e+6,0.0513624,7
GrandEst,23,557,12,0,1,5.51175e+6,0.0513624,8
PaysLoire,0,2,7,0,0,3.8018e+6,0.00938762,0
PaysLoire,1,1,7,0,0,3.8018e+6,0.00938762,0
PaysLoire,2,8,7,0,0,3.8018e+6,0.00938762,0
PaysLoire,3,2,7,0,0,3.8018e+6,0.00938762,0
PaysLoire,4,0,7,0,0,3.8018e+6,0.00938762,0
PaysLoire,5,0,7,0,0,3.8018e+6,0.00938762,0
PaysLoire,6,9,7,0,0,3.8018e+6,0.00938762,0
PaysLoire,7,7,7,0,0,3.8018e+6,0.00938762,0
PaysLoire,8,7,7,0,0,3.8018e+6,0.00938762,0
PaysLoire,9,14,7,0,0,3.8018e+6,0.00938762,0
PaysLoire,10,27,7,0,0,3.8018e+6,0.00938762,0
PaysLoire,11,16,7,0,0,3.8018e+6,0.00938762,0
PaysLoire,12,10,7,0,0,3.8018e+6,0.00938762,0
PaysLoire,13,18,7,0,0,3.8018e+6,0.00938762,0
PaysLoire,14,2,7,0,1,3.8018e+6,0.00938762,1
PaysLoire,15,32,7,0,1,3.8018e+6,0.00938762,2
PaysLoire,16,30,7,0,1,3.8018e+6,0.00938762,3
PaysLoire,17,44,7,0,1,3.8018e+6,0.00938762,4
PaysLoire,18,36,7,0,1,3.8018e+6,0.00938762,5
PaysLoire,19,23,7,0,1,3.8018e+6,0.00938762,6
PaysLoire,20,50,7,0,1,3.8018e+6,0.00938762,7
PaysLoire,21,25,7,0,1,3.8018e+6,0.00938762,8
Bretagne,0,12,13,0,0,3.34038e+6,0.0182745,0
Bretagne,1,6,13,0,0,3.34038e+6,0.0182745,0
Bretagne,2,4,13,0,0,3.34038e+6,0.0182745,0
Bretagne,3,6,13,0,0,3.34038e+6,0.0182745,0
Bretagne,4,3,13,0,0,3.34038e+6,0.0182745,0
Bretagne,5,8,13,0,0,3.34038e+6,0.0182745,0
Bretagne,6,0,13,0,0,3.34038e+6,0.0182745,0
Bretagne,7,0,13,0,0,3.34038e+6,0.0182745,0
Bretagne,8,41,13,0,0,3.34038e+6,0.0182745,0
Bretagne,9,13,13,0,0,3.34038e+6,0.0182745,0
Bretagne,10,23,13,0,0,3.34038e+6,0.0182745,0
Bretagne,11,38,13,0,0,3.34038e+6,0.0182745,0
Bretagne,12,27,13,0,0,3.34038e+6,0.0182745,0
Bretagne,13,25,13,0,0,3.34038e+6,0.0182745,0
Bretagne,14,26,13,0,0,3.34038e+6,0.0182745,0
Bretagne,15,14,13,0,0,3.34038e+6,0.0182745,0
Bretagne,16,26,13,0,1,3.34038e+6,0.0182745,1
Bretagne,17,24,13,0,1,3.34038e+6,0.0182745,2
Bretagne,18,49,13,0,1,3.34038e+6,0.0182745,3
Bretagne,19,13,13,0,1,3.34038e+6,0.0182745,4
Bretagne,20,38,13,0,1,3.34038e+6,0.0182745,5
Bretagne,21,93,13,0,1,3.34038e+6,0.0182745,6
Bretagne,22,36,13,0,1,3.34038e+6,0.0182745,7
Bretagne,23,77,13,0,1,3.34038e+6,0.0182745,8
Occitanie,0,5,6,0,0,5.92486e+6,0.0262432,0
Occitanie,1,1,6,0,0,5.92486e+6,0.0262432,0
Occitanie,2,2,6,0,0,5.92486e+6,0.0262432,0
Occitanie,3,2,6,0,0,5.92486e+6,0.0262432,0
Occitanie,4,7,6,0,0,5.92486e+6,0.0262432,0
Occitanie,5,18,6,0,0,5.92486e+6,0.0262432,0
Occitanie,6,0,6,0,0,5.92486e+6,0.0262432,0
Occitanie,7,0,6,0,0,5.92486e+6,0.0262432,0
Occitanie,8,25,6,0,0,5.92486e+6,0.0262432,0
Occitanie,9,26,6,0,0,5.92486e+6,0.0262432,0
Occitanie,10,46,6,0,0,5.92486e+6,0.0262432,0
Occitanie,11,39,6,0,0,5.92486e+6,0.0262432,0
Occitanie,12,42,6,0,0,5.92486e+6,0.0262432,0
Occitanie,13,29,6,0,0,5.92486e+6,0.0262432,0
Occitanie,14,19,6,0,0,5.92486e+6,0.0262432,0
Occitanie,15,49,6,0,0,5.92486e+6,0.0262432,0
Occitanie,16,60,6,0,1,5.92486e+6,0.0262432,1
Occitanie,17,73,6,0,1,5.92486e+6,0.0262432,2
Occitanie,18,93,6,0,1,5.92486e+6,0.0262432,3
Occitanie,19,74,6,0,1,5.92486e+6,0.0262432,4
Occitanie,20,60,6,0,1,5.92486e+6,0.0262432,5
Occitanie,21,96,6,0,1,5.92486e+6,0.0262432,6
Occitanie,22,133,6,0,1,5.92486e+6,0.0262432,7
Occitanie,23,182,6,0,1,5.92486e+6,0.0262432,8
PACA,0,9,9,0,0,5.05565e+6,0.0535347,0
PACA,1,1,9,0,0,5.05565e+6,0.0535347,0
PACA,2,3,9,0,0,5.05565e+6,0.0535347,0
PACA,3,5,9,0,0,5.05565e+6,0.0535347,0
PACA,4,8,9,0,0,5.05565e+6,0.0535347,0
PACA,5,12,9,0,0,5.05565e+6,0.0535347,0
PACA,6,0,9,0,0,5.05565e+6,0.0535347,0
PACA,7,0,9,0,0,5.05565e+6,0.0535347,0
PACA,8,51,9,0,0,5.05565e+6,0.0535347,0
PACA,9,22,9,0,0,5.05565e+6,0.0535347,0
PACA,10,36,9,0,0,5.05565e+6,0.0535347,0
PACA,11,65,9,0,0,5.05565e+6,0.0535347,0
PACA,12,69,9,0,0,5.05565e+6,0.0535347,0
PACA,13,49,9,0,0,5.05565e+6,0.0535347,0
PACA,14,75,9,0,0,5.05565e+6,0.0535347,0
PACA,15,73,9,0,0,5.05565e+6,0.0535347,0
PACA,16,96,9,0,1,5.05565e+6,0.0535347,1
PACA,17,119,9,0,1,5.05565e+6,0.0535347,2
PACA,18,133,9,0,1,5.05565e+6,0.0535347,3
PACA,19,215,9,0,1,5.05565e+6,0.0535347,4
PACA,20,331,9,0,1,5.05565e+6,0.0535347,5
PACA,21,138,9,0,1,5.05565e+6,0.0535347,6
PACA,22,85,9,0,1,5.05565e+6,0.0535347,7
PACA,23,332,9,0,1,5.05565e+6,0.0535347,8