rep,id,eta_b1,eta_b2,eta_Dq,eta_E0,eta_A0
1,IDF,0.382330394930242,-0.19317163833367,0.691201288073711,-0.793105491436872,0.465570218169707
2,IDF,0.38312356787399,-0.197440253015613,0.810646907497797,-1.57286378929449,0.703338184785247
3,IDF,0.396289895554338,-0.247601738915581,0.669533895587503,-0.156701231800742,-0.0771661144285257
4,IDF,0.367868296746051,-0.237458422074369,0.784857417336881,-1.49071969241099,0.779158529486122
5,IDF,0.408688773243564,-0.239974191713383,0.681747510627568,-0.931292516530229,0.359577878903744
6,IDF,0.385115142972797,-0.217055153797416,0.710087944843536,-1.78725770057937,0.703338184785247
7,IDF,0.369862864991743,-0.236527257125431,0.746233049973894,-0.0970519423518965,0.14564041778077
8,IDF,0.386773494567484,-0.24089902783054,0.727287756768395,-1.85327081324647,0.733864632110162
9,IDF,0.391447171151476,-0.298910325922952,0.817542417628316,-0.91539265881295,0.544564216811971
10,IDF,0.376069067226243,-0.247159519358445,0.769115165000614,-1.67093540252781,0.749701444157489
1,NAquitaine,0.370848680920154,0.0450540559420014,-0.198596282884443,-0.404225632951282,-0.633152002053516
2,NAquitaine,0.214890319003718,0.204645505630898,-0.384971060379403,0.217985801239292,-1.6811508133468
3,NAquitaine,0.205904970130355,0.206701587940868,-0.249951954889113,-0.247792380098161,0.0398382771880983
4,NAquitaine,0.209305285148625,0.129277606051559,-0.10065372962325,0.25949846796046,-1.27647645482128
5,NAquitaine,0.191237586195959,0.107881934358817,-0.193317297448525,-0.617542799632869,0.498248054779186
6,NAquitaine,0.260258497741953,0.0248241165049739,0.037917958482932,0.231924318105114,-1.24681232220194
7,NAquitaine,0.16553287143693,0.239429056899188,-0.0985541689826123,0.196029643240301,-0.365426068134067
8,NAquitaine,0.230404595614056,0.148446974485016,-0.0347975360029586,0.217274809140581,-1.48772831889847
9,NAquitaine,0.183962023677624,0.109709372362827,0.01267789776567,-0.172356827252201,0.310467900244715
10,NAquitaine,0.180725871878834,0.186077903203901,-0.214241033407791,0.341057302080525,-1.77363505940261
1,AURA,0.123689979455525,-0.149562854483409,0.529603263020292,-0.494122560765515,0.674178844026344
2,AURA,0.11563827329491,-0.15857463947494,0.543306925104599,-0.0176797341118711,0.408641151016933
3,AURA,0.117359988714668,-0.219125532582939,0.397388252402663,-0.10601448341487,0.515543724529579
4,AURA,0.121268620471582,-0.127994483031464,0.449842985593219,-0.0611193905357715,0.321457712073299
5,AURA,0.117008841867857,-0.20194182828938,0.59853864185584,-0.384834711207437,0.716612579435057
6,AURA,0.133258927238302,-0.10555486869449,0.634722325901631,-0.333225052082082,0.499832474273584
7,AURA,0.103229355809537,-0.107719734106702,0.467460989485617,-0.262117181031415,0.657889737503288
8,AURA,0.107462704968802,-0.111989368392395,0.352443534265822,0.0211397125204741,0.365405902413335
9,AURA,0.104758063320403,-0.167398440913444,0.556469555231306,-0.768795690189053,0.953153588079758
10,AURA,0.128180998247052,-0.133922549563458,0.454307584742756,-0.115023226036649,0.379948548871053
1,Centre,0.240082576728534,0.394069698043994,1.4968364125513,-0.463360830058175,-1.29828572856546
2,Centre,0.152332066646171,0.518148228538842,1.34593967673851,-0.272773526695473,-2.19472107631012
3,Centre,0.363938728710119,0.41133126109996,1.26999049072654,-0.784010545359984,-2.7175535872301
4,Centre,0.265222424155537,0.423939474042482,1.40884517853662,-0.44784802472047,-2.53391954078191
5,Centre,0.199317849756754,0.396716503848078,1.27641464557418,-0.542153945673937,-0.783060501718171
6,Centre,0.234021625981427,0.386491356938367,1.46090322645301,-0.216334028662503,-3.50552339979187
7,Centre,0.427970725129871,0.368451832812557,1.10008699307459,-0.948971966738812,-2.15548161695464
8,Centre,0.298306145067427,0.417646338589257,1.65376937274582,-0.468947904984131,-3.22785601331048
9,Centre,0.126190493427707,0.443041113845071,1.59470728066903,-0.23891235957061,-1.09560423460197
10,Centre,0.173048293261319,0.363679000146655,1.22399240841034,-0.515782129911301,-0.836466325015493
1,BFC,-0.0426423696359696,-0.0465247341711829,-0.00736176770466183,-1.09105551337507,0.906270922735103
2,BFC,-0.0479962589913259,0.0536348691684069,-0.228007680789352,-0.557893692090665,0.582195808579752
3,BFC,-0.026590879847878,0.0385823796208169,-0.0662305787940498,-1.33556446849614,0.864046364560093
4,BFC,-0.0621056977124659,-0.0105440960963364,-0.235697423703921,-1.47732063365672,1.04182908786943
5,BFC,-0.0357487401186815,-0.140253246389069,-0.0195383098740725,-0.939407360540166,0.834360188839072
6,BFC,-0.0729344928629379,0.0358097216357753,-0.0732000025528564,-0.834873115869729,0.841899842435132
7,BFC,-0.00117805293741831,-0.0262116669964425,0.0652641353423568,-1.1102181149036,0.663069860473873
8,BFC,-0.105545518223991,0.0544591647939306,-0.282781660022645,-1.63361853669888,1.14094813257924
9,BFC,-0.0725300652148286,-0.0421280572064167,-0.116541947425366,-0.306074712672671,0.741500676045883
10,BFC,-0.0283107743848073,-0.0579539074409739,-0.153360446962381,-0.344939233954516,0.421620246686173
1,Normandie,0.0564007587639705,0.267419055131568,1.33510017800298,1.62291784899579,0.770858299011456
2,Normandie,-0.0436554851502186,0.21104521597161,1.30537027658908,1.83449567092634,-0.505699070429824
3,Normandie,-0.167219101139116,0.304540093942769,1.39769344897509,1.35283853322776,2.05072446097111
4,Normandie,-0.0655118639812477,0.217532279579507,1.31622648173231,1.58011337667969,1.51756487434837
5,Normandie,0.117431878918877,0.196174939856887,1.21840800160203,1.69724345681502,-0.520336677918377
6,Normandie,0.0331042325612452,0.312639880508785,1.27206470935538,1.66224786899727,-0.607779515895559
7,Normandie,-0.0790065140095903,0.291583587157419,1.68615940501148,1.16899492239071,2.07833537790139
8,Normandie,-0.00571849161911683,0.230983089055942,1.62452969472838,1.8203367997792,-0.137093448957727
9,Normandie,-0.148042237344446,0.331049805998021,1.55596274209591,1.99883774071455,-1.88537574747461
10,Normandie,-0.050873838787251,0.281454950922994,1.43208905928771,1.77684870223876,0.809963504117371
1,HDF,-0.283878076249049,0.407890826578451,0.850948407740524,1.32762538435978,1.35854036018628
2,HDF,-0.23591932624428,0.426808706483667,1.04493141775865,1.51447871665244,-0.949888330563968
3,HDF,-0.263818486490761,0.442777788358277,1.03279527942077,1.32488197663207,1.00429637380822
4,HDF,-0.22997286382857,0.362140190553274,0.972195527570983,1.53695987050749,-0.430022280011113
5,HDF,-0.315325898947525,0.519754747116816,0.829777395024717,1.25254222144838,1.3745893267932
6,HDF,-0.247840444820358,0.431585208016787,0.953460708758257,1.49278711586492,-0.579033321257126
7,HDF,-0.294102129550204,0.482315248537244,0.956131359639718,1.41734772841719,0.784431487456171
8,HDF,-0.304384937955459,0.433720825784438,0.966339271232544,1.70332234613379,-2.79980708865135
9,HDF,-0.281228693434716,0.433263238720666,0.847409219075005,1.33037691437563,1.21984249984907
10,HDF,-0.293874984954145,0.471802718445043,0.760503278181771,1.61516853864836,-1.13229995844848
1,GrandEst,0.0860722458229939,-0.0543313099108864,0.980270308642848,-0.56499191282347,1.76374681412655
2,GrandEst,0.0519727766124948,0.0122384526283637,0.981395508628804,-0.188280751927979,1.79771587704406
3,GrandEst,0.0837046614284159,-0.0334865555402905,0.892467560524748,-0.750460640903802,1.80466067992752
4,GrandEst,0.0957726321841204,0.0219100610506283,0.900423574082929,-0.0733539089846934,1.54066836630691
5,GrandEst,0.102401517955715,-0.0357173052006313,0.943223969133696,-0.388343236719146,1.65257313701149
6,GrandEst,0.085528740999863,-0.0404843686795229,0.990724047112202,-0.136244527827881,1.65943439272214
7,GrandEst,0.0725031141774471,-0.0432604604465958,1.00110058420455,-0.480889652444625,1.79424597312524
8,GrandEst,0.125789907950472,-0.0413966385886509,0.91321080422512,-0.0631145714150619,1.40264429952742
9,GrandEst,0.10426069956268,-0.0622443627026727,1.01233638737822,-0.748672650099892,1.73301117290495
10,GrandEst,0.0998844193820596,-0.00858118242046947,0.950849029282915,-0.196091950088952,1.56646860006841
1,PaysLoire,-0.0262092371926391,-0.150881646792068,-2.13867338542689,1.17462071095394,1.17729808201623
2,PaysLoire,-0.1122715927529,-0.0496838294847943,-1.10390422204259,1.49031268563201,0.720385260426918
3,PaysLoire,-0.0554886357182702,-0.122173018821504,-1.68363171113169,1.40339266584112,0.407164439578916
4,PaysLoire,-0.244547631652789,0.0777412733616295,-1.89626605591461,0.932336527255534,2.33914396127194
5,PaysLoire,-0.152215620475584,-0.0356950617324231,-0.876889752671149,1.87074917605463,-0.901606745653743
6,PaysLoire,-0.0414828112471219,-0.223314059177911,-1.27307885754771,0.960518893699291,1.61270813640489
7,PaysLoire,-0.0387216505769122,-0.176826454932276,-1.76297581549696,1.34955673355413,1.02857194741221
8,PaysLoire,-0.220920044108152,0.0950066764202132,-4.06411524181267,0.957287947852685,2.12093245515372
9,PaysLoire,-0.0422666270796174,-0.261271868421763,-3.41319217078406,1.61753201727795,-1.33653082926805
10,PaysLoire,-0.0980674181702841,-0.227259064175449,-1.47344099545229,1.40095525296995,1.08006263777403
1,Bretagne,-0.0547555156668398,0.0418482871420711,1.292467594181,0.1670216204169,-0.479602680868788
2,Bretagne,-0.0848271455138901,-0.031731014774473,0.97589637881682,0.350405209126599,-0.674740168800076
3,Bretagne,-0.0362325650839789,0.128451967169125,1.22441970979993,0.239003714259601,-1.73535334599817
4,Bretagne,-0.0589232899788737,-0.0767453687363006,1.13925837906436,0.187546913440166,-0.0649695461509156
5,Bretagne,-0.0794976401530203,-0.109299672070861,1.26803984364605,0.527558669952146,-1.07991355597017
6,Bretagne,-0.0620493448483598,-0.160591506432379,1.48285133008283,0.519000744850992,-1.94839272800632
7,Bretagne,-0.143825554231844,-0.0895967317220035,1.20211543906122,0.312551426983517,0.351839465181858
8,Bretagne,-0.0491051624771708,-0.0479999312613782,1.33428294480291,0.364117268790053,-1.15576761376971
9,Bretagne,-0.0371700995924922,-0.13148394299222,1.06922935110417,0.350282878568733,-1.65377231972683
10,Bretagne,-0.12122454938246,-0.0841687699965682,1.35618207147628,0.517519691709165,-0.426033376161602
1,Occitanie,0.067728350172967,0.182339593098734,-1.43595181074512,0.104918358814661,-0.0606075647172247
2,Occitanie,0.00729496743950872,0.136200000075847,-0.787239651341689,-0.917673616263585,1.20741197506481
3,Occitanie,0.101242820766696,0.00702662539967078,-0.640988629627197,0.0304695341908628,0.137156340394916
4,Occitanie,0.0652691382435188,0.104646330331963,-0.768696309239965,-0.0521618712537722,0.446523444587112
5,Occitanie,0.189341047373007,0.0868391872281735,-0.701335648714927,-0.291850970734754,-0.313790877358193
6,Occitanie,0.0687031836090192,0.073331171966846,-0.127154165682316,-1.08672456045139,0.983171241925803
7,Occitanie,0.0971009848741763,0.114612164191116,-0.498229611180319,0.183617492683439,-0.120198282551485
8,Occitanie,0.0556084998407205,0.0937452526121381,-0.494700589923841,-0.011800863335025,0.518568682520056
9,Occitanie,0.11136132894097,0.140268259601226,-0.990460734695499,-0.219386737246174,0.218363744841582
10,Occitanie,0.0189402432581772,0.0957865954783422,-0.545117836757294,-0.427805520569071,0.970918367105824
1,PACA,-0.0155353469468344,0.217275944150835,-0.322420579200666,-0.536025942124148,1.32402788034772
2,PACA,0.0520621698527832,0.219724990714759,-0.652267058242347,-1.93970198587444,1.25840521646633
3,PACA,-0.0428390561998016,0.206797663114177,-0.254022832103754,-1.68555326137676,1.61628675466902
4,PACA,0.0268316993577248,0.215750920447001,-0.390813243619582,-1.19488524762951,1.30551100235575
5,PACA,-0.0215350170439838,0.234038018430086,-0.309404937699645,-0.650006759790012,1.32585303363936
6,PACA,0.0392557337803732,0.217273434524594,-0.424133970332654,-1.13578049585647,1.25024313146465
7,PACA,0.0376996270281819,0.154061585819972,-0.285510645466613,-2.3482123234706,1.35836433972044
8,PACA,0.058724978756758,0.221551714598191,-0.536941200114694,-0.88815847296586,1.09443411945591
9,PACA,0.0586056812464624,0.188941578296877,-0.273294779729134,-1.68085953018941,1.23028933716972
10,PACA,-0.0422001714254219,0.239334205991584,-0.209210501836333,-1.35509067022535,1.54605137845871
1,Corse,-0.591707115806717,-1.18587910111148,-3.80227380398481,-0.287116468030492,-0.0187303539933624
2,Corse,-0.447577680222105,-1.2315858551901,-3.04641069429137,0.005045294634384,-3.43420797790607
3,Corse,-0.687805067161144,-0.86549131127778,-2.85785135318663,0.0592029829641802,-0.96631690889177
4,Corse,-0.633216589276209,-0.933755894874413,-1.89444666002462,0.0345767981192969,-0.71401715301978
5,Corse,-0.683706209358829,-0.808786283567133,-3.40623997689505,0.0298071751140544,-1.63295093515194
6,Corse,-0.613330485277019,-1.16802924182909,-2.64944058131041,0.0656325639790677,-1.31711667303776
7,Corse,-0.502692155587683,-1.06452602733335,-2.65222792430632,-0.0717999352196409,-1.31109201937789
8,Corse,-0.38420356036882,-1.01597295312389,-4.25062103463802,-0.0433363085335305,-3.44005080640815
9,Corse,-0.399769967232079,-0.851493644970403,-2.39901739142594,-0.071509366654648,-3.45082192010791
10,Corse,-0.634507743237431,-1.21953495257649,-4.67709372235411,0.00120378194668076,-0.780799501128919
