rep,id,b,Dq,E0,A0
1,IDF,2.49659199092487,1.71985909850416,645.042396721169,1450.43557100616
2,IDF,2.49589841691868,1.78570967687987,253.660145726921,1666.50661794475
3,IDF,2.55118107769465,1.53967636748052,177.268102315034,1491.67291968602
4,IDF,2.53048977033975,1.65452878824733,271.191477396198,1535.20357433462
5,IDF,2.58128386112345,1.56731173272504,649.154550389729,1134.66560504066
6,IDF,2.54170609512616,1.67286127366058,151.195783291567,1532.33174621892
7,IDF,2.50101841914012,1.72621771868119,273.476294755304,1602.51823964028
8,IDF,2.52749405893595,1.59550703247401,321.859581982311,1476.25082859322
9,IDF,2.56888767921878,1.56069198845324,521.256913282209,1238.24129775644
10,IDF,2.53835061811926,1.44305047907245,359.434617323725,1445.20344532391
1,NAquitaine,2.55426384705373,0.721096374155339,171.268591256537,634.378848536096
2,NAquitaine,2.62344107165869,0.919507515854263,286.129826688148,525.749730028531
3,NAquitaine,2.52128167011728,0.833952814924337,668.002839261251,455.530192972003
4,NAquitaine,2.53745350343726,0.742352018305819,516.989927550703,501.788931413387
5,NAquitaine,2.69203588388564,0.709601354257888,252.661777456253,512.902367533377
6,NAquitaine,2.60584389764753,0.758011864136061,526.213145512721,443.470170316161
7,NAquitaine,2.46103542415995,1.19377307637784,525.192448488639,600.282248003429
8,NAquitaine,2.65233435606367,0.500359841573879,206.566013506617,525.143668655655
9,NAquitaine,2.67621683683092,0.665172302166982,412.40178525652,429.578431366637
10,NAquitaine,2.77680894977705,0.329068112658488,469.844978340138,284.889116752828
1,AURA,2.37713209925221,1.12700507840219,315.735308884809,797.342678795001
2,AURA,2.30291380287921,1.39163527514193,751.090999514894,679.151193209119
3,AURA,2.26761842013344,1.5952626280162,245.849609958719,1060.60761774188
4,AURA,2.29762090914907,1.35015830118955,548.874126170677,800.657300615484
5,AURA,2.37417761825655,1.29213748590483,343.428319221569,732.30355962782
6,AURA,2.30692801134355,1.43557134845659,885.603128189032,633.657705708643
7,AURA,2.29042083018618,1.33773620958076,666.547012279549,792.36824908444
8,AURA,2.26412691857016,1.67951819040992,369.834088926993,994.929833205229
9,AURA,2.29434841576572,1.37319935722942,472.289920757494,854.349807213502
10,AURA,2.3488190610953,1.25535919103773,958.558556178471,488.196431171125
1,Centre,3.1601563234463,3.5861831807381,376.82253190985,11.3659054637112
2,Centre,2.88186432494798,4.3640080867481,542.171966028282,9.2668541337545
3,Centre,2.91650406839834,4.35636896638629,396.564734813484,53.3972622961279
4,Centre,2.92140519087488,4.18631025574425,377.187941156749,67.5529678825006
5,Centre,3.01383088743852,5.58914567121456,411.531114481436,23.2668605902092
6,Centre,3.16712535488051,2.62770751618395,374.78340253827,5.83480873386271
7,Centre,2.88947159224021,4.45118295714542,457.585839625731,75.5721747630672
8,Centre,2.90356970803644,3.63650291534038,394.142196012405,67.7737216554213
9,Centre,3.045912915584,3.70062859942361,391.488727387448,16.6633843192438
10,Centre,2.90462988872851,4.92430479311017,372.228312538719,83.8736118860432
1,BFC,2.06178174128173,0.918095093588375,447.510134142155,543.75392703622
2,BFC,2.1519928768849,0.721066154321387,509.514531524588,441.602194100866
3,BFC,2.167959344814,0.763766211157539,529.874707308316,401.495419407844
4,BFC,2.17340072463839,0.742580187258424,234.259531566743,542.4323965511
5,BFC,2.15338704956927,0.907882933037141,462.157918951544,404.98165575153
6,BFC,2.04764164168496,1.06914858541836,171.964450143523,765.62034869069
7,BFC,2.1844648913145,0.704138792591804,476.875857038795,406.64277573964
8,BFC,2.16721462924437,0.909576993948621,346.211418530438,506.125574172251
9,BFC,2.23191745009607,0.567577306122105,305.630701226995,449.272193527491
10,BFC,2.08725965807672,0.908995725516104,279.404135292235,653.38612407534
1,Normandie,2.41664416504737,6.59578663411393,4232.05046123127,303.424203657673
2,Normandie,2.4432699895966,4.17945115804036,4554.88553955816,35.2441746009329
3,Normandie,2.59438467388646,4.54447176927209,3765.37812702104,144.088391700779
4,Normandie,2.44520339575544,4.70683608194283,4446.90678147531,233.04503633297
5,Normandie,2.57473330115334,3.80592434029759,3663.80043315366,123.409911801267
6,Normandie,2.33105807948136,4.02163751814956,4363.6365369572,263.241531584479
7,Normandie,2.5518863681868,5.37893012154237,4463.03885439677,11.847556710623
8,Normandie,2.27299404729117,5.23237265628129,5303.43973518692,28.3121363071281
9,Normandie,2.37179695081212,5.12865539485843,4826.01247592201,222.866713932603
10,Normandie,2.52631789798394,4.07490276418878,3536.21498478375,437.719575932906
1,HDF,2.18731909177419,3.28875257104063,2746.72276414878,61.5359558415556
2,HDF,2.31202667250935,2.72327235449933,2166.82397307105,49.0811295193775
3,HDF,2.26613989213319,2.78382192816367,2275.6976155284,71.9179163765098
4,HDF,2.26127700339975,2.52021374793613,2387.17471149191,68.1723011586687
5,HDF,2.23111506002639,2.96643603337036,2155.83806614517,229.069993434639
6,HDF,2.28819125997951,2.81897113832317,2218.97279570294,26.334034685685
7,HDF,2.29201636634468,3.06862550070639,2326.75824349195,30.2807067003438
8,HDF,2.32367449582824,2.5287867217936,2244.78490242348,19.9052533356666
9,HDF,2.20679665141999,3.03401839902611,2248.0061514882,226.880601180062
10,HDF,2.29394094509109,2.63623712179902,2318.50865392249,10.2333493577627
1,GrandEst,2.24957174981962,2.32846129121522,591.336252150465,1562.8375650628
2,GrandEst,2.25045844157265,2.46687657622356,612.166239728794,1595.07650324538
3,GrandEst,2.18735044701316,2.3451820222831,514.462458977583,1789.57765917474
4,GrandEst,2.19330265106544,2.60092846063768,425.796716133209,1861.93638658676
5,GrandEst,2.19889739945416,2.43725620152067,550.993609682513,1701.36233282931
6,GrandEst,2.23994352868139,2.2916072018942,767.144171462244,1504.69234584708
7,GrandEst,2.20163614780723,2.52040757286337,494.214564587098,1823.93156401091
8,GrandEst,2.21411671539232,2.35779864085975,265.612393213651,1850.95972776526
9,GrandEst,2.23514985299762,2.22791105069569,394.997016755718,1763.76056286149
10,GrandEst,2.24310336036095,2.32972447338806,685.479192293399,1541.40887161597
1,PaysLoire,2.01066451986548,0.0506467978803577,2047.97429403799,1537.90304227209
2,PaysLoire,2.16704011640213,0.0302137614452806,1839.83030136562,1124.443844606
3,PaysLoire,2.24844598240174,0.0272093746780311,1956.67471534942,732.883828199412
4,PaysLoire,2.11756317936023,0.118896444747231,1586.86437802301,1435.75311776811
5,PaysLoire,2.12442690558141,0.261179963196014,2338.23698919052,966.428064998704
6,PaysLoire,1.97018484628109,0.0725902755809721,2063.65708058734,1928.08733625034
7,PaysLoire,2.25519683960851,0.0567724145848697,1815.67605183918,870.830480390352
8,PaysLoire,2.12696052288903,0.0312659926470935,2719.95620329388,676.407691170253
9,PaysLoire,2.21800075834586,0.0517104008752265,1794.64723991362,968.691261828296
10,PaysLoire,2.17354246175429,0.253689448184188,1614.69742983314,1345.07234114169
1,Bretagne,1.94618872141222,3.3409465052866,1568.78824619719,140.474730802218
2,Bretagne,2.05904681267319,3.35414622330547,1311.36978134379,61.6106502019041
3,Bretagne,2.01575239681465,3.93167389727112,1456.63744483565,64.1270822202694
4,Bretagne,2.08855966541886,2.86751047224993,1162.81981302217,75.3049627776695
5,Bretagne,2.10488089387767,2.98983493953091,1209.97050947882,146.423438290072
6,Bretagne,2.14692337063238,2.88870327775855,938.020270867777,170.732853873841
7,Bretagne,2.17253330427716,3.80794017037569,1024.75423071715,80.3542269120506
8,Bretagne,1.99472384405713,3.13699118847584,1500.06240630457,67.6854246475943
9,Bretagne,2.02978929834576,2.64056978250443,1319.36387657607,84.2506148995826
10,Bretagne,2.00224322843488,2.94134295466059,1487.84482320423,7.80980020815631
1,Occitanie,2.37940969091451,0.347207644313908,781.88963995157,397.916358632377
2,Occitanie,2.34403679438342,0.509264324046826,813.207073376683,443.130945851471
3,Occitanie,2.3801412713917,0.614275719125608,539.84441080549,556.209111211454
4,Occitanie,2.48001298082466,0.321937071278695,355.357304791735,504.035751913526
5,Occitanie,2.3304632328364,0.437310851782869,493.569051487675,707.771439859935
6,Occitanie,2.3496212664843,0.531244180160969,485.733773443896,615.2530315058
7,Occitanie,2.34721254668259,0.464844927868115,390.459286896551,704.072081456469
8,Occitanie,2.51035436781732,0.324731161293292,708.407603087995,328.305702743085
9,Occitanie,2.40100618766781,0.617674213113893,422.061820516443,600.62481934644
10,Occitanie,2.41943672089009,0.485392960630979,542.191464216719,453.686020656583
1,PACA,2.39795452367474,0.710486601626713,313.693859855921,775.192399850488
2,PACA,2.43818471116411,0.718436976709232,102.457343833267,861.63876374499
3,PACA,2.40493724497562,0.732967196558074,194.497104658214,831.409703303596
4,PACA,2.4470364676077,0.727137766146921,71.6374385391672,831.237632142805
5,PACA,2.41718881011285,0.617921059949455,151.665871942734,843.729184631487
6,PACA,2.49088864235765,0.484114305815767,102.68076410388,739.416046817684
7,PACA,2.40938715711198,0.772072748400264,290.928525633532,768.475900356338
8,PACA,2.40732514626287,0.801410135367575,235.036822227816,799.079826542844
9,PACA,2.43220524122017,0.74386237085202,260.121073010738,784.835989545309
10,PACA,2.47262420521384,0.598998520366382,128.687829179778,757.262769021468
1,Corse,0.99530504570663,0.0128661758651861,719.15298133021,202.467305086538
2,Corse,1.1979603621653,0.0281518288521684,753.826909090932,24.5419936747883
3,Corse,1.13565385043091,0.0405924145191647,703.434616253757,67.3767553690622
4,Corse,1.07686611593194,0.0718650624148028,496.436420715927,346.615689953275
5,Corse,1.08291619988401,0.0302762326854467,746.215617583433,106.61084529283
6,Corse,0.941254472293681,0.0286882555343732,724.416219129262,226.646736580403
7,Corse,1.09253957444889,0.0571813400970894,546.327588297628,326.080310551058
8,Corse,0.875888575001421,0.033863230488668,685.529087880643,374.929104253881
9,Corse,1.12827788059394,0.0794132537215283,744.534898938011,83.5436062317668
10,Corse,1.10317018195684,0.0376672550117106,736.969298215397,89.8273261857715
