rep,id,b,Dq,E0,A0
1,IDF,1.1551108756304,1.96214455110986,364.159784119824,1619.65882076263
2,IDF,1.15856720679764,1.65589556005811,203.627456365308,1645.06009687644
3,IDF,1.17136065531552,1.74595898804914,207.11364252679,1585.49726363019
4,IDF,1.16541440095523,1.85889232450215,270.140066852777,1616.15841856756
5,IDF,1.16276321033156,1.57963325982136,385.987642245583,1518.61337018117
6,IDF,1.16525643508481,1.90746549261731,189.656691181169,1616.11047423943
7,IDF,1.16365933868579,1.82680380160526,321.536049246407,1572.14701568303
8,IDF,1.16959152451557,1.73398381697142,252.864134140453,1527.42677669841
9,IDF,1.16494320080722,1.63532923180246,246.466752899484,1576.89724643372
10,IDF,1.1629019616332,1.77078561931658,389.942121944135,1514.25644940909
1,NAquitaine,1.19572880806574,0.934362975096003,272.805947520478,539.689827186466
2,NAquitaine,1.17304801247256,1.03092733933893,283.843100292948,646.220431602738
3,NAquitaine,1.10653755440129,1.05490183484603,434.489954811497,737.417941728158
4,NAquitaine,1.14046239864226,0.756413674309225,207.626736411519,752.897179782116
5,NAquitaine,1.18844214353729,0.795103994613484,389.049470881473,557.786243540054
6,NAquitaine,1.16629730103813,0.956066366947472,209.80961153957,691.577668621862
7,NAquitaine,1.16477765388932,1.10273948698398,238.720681746722,678.452141193449
8,NAquitaine,1.2045059561058,0.550728626599153,173.118066998316,572.492055987104
9,NAquitaine,1.17973064473955,0.814353340746846,468.381806547346,506.768071826282
10,NAquitaine,1.18376712693509,0.474989691411439,339.074251372307,533.208307349718
1,AURA,1.07617490672486,1.39068932314566,773.323537533118,605.630486528123
2,AURA,1.05861207965154,1.59685625000947,679.08298951296,721.154333935361
3,AURA,1.07146291538217,1.62181925101132,375.971279556319,823.446311654558
4,AURA,1.02900070191549,1.85119561541173,639.347399614435,902.004704544544
5,AURA,1.04897761306533,1.45669443102599,576.918116199513,812.772733572339
6,AURA,1.03428017883333,1.84471911508734,725.840038383361,877.10898975608
7,AURA,1.02562154368601,1.60959116621994,710.511189570395,921.827558553811
8,AURA,1.0430762070363,1.73454252324713,358.699361060566,1003.10746538982
9,AURA,1.04661171767123,1.71442890357498,682.061865802716,773.981895695616
10,AURA,1.05582643419,1.35159288106163,1011.77744641035,576.089116495301
1,Centre,1.41758896380781,4.20243359823315,399.26020774799,74.6680742755067
2,Centre,1.33246400519624,4.32448129930259,608.415863770436,12.6929366224803
3,Centre,1.33779993817189,4.67553610241998,499.161238053038,28.4130829139425
4,Centre,1.38446404400941,4.10516544348647,319.564850919736,91.7505719749798
5,Centre,1.37721402421225,6.35972683828939,419.406152507143,62.9737823241344
6,Centre,1.41385982765431,2.60699087719774,475.91343329166,3.83013114169894
7,Centre,1.35076556661746,5.32448258575357,508.080514794178,64.1461145997674
8,Centre,1.37682853401807,3.69416134230074,407.186519405737,56.5048459372489
9,Centre,1.35995154593743,4.8090324532916,498.926327141516,13.1094254293118
10,Centre,1.40493221126236,5.41924056797336,333.073977380735,83.0957599638282
1,BFC,0.943302336626919,1.01535287949837,314.335930124168,672.188821771761
2,BFC,0.971425812839202,1.09848826978388,383.294001604612,594.504585250678
3,BFC,0.98670156469396,1.10503214975492,507.958302969543,470.14854874394
4,BFC,0.980467249744093,0.825937978567114,249.341746406927,599.968760236134
5,BFC,0.971880267200619,1.02690645056227,461.151180332919,517.244324779232
6,BFC,0.94890430116009,1.11390193628057,220.830433557455,726.600646077076
7,BFC,0.995450494040477,0.854350544484641,320.211338258581,538.528036690941
8,BFC,0.997724077779955,1.01188209038786,309.127759133997,553.834664620052
9,BFC,0.961437118375967,1.07281594604803,319.434668634597,663.512148050322
10,BFC,0.956785386179974,1.00936863087071,488.945998162534,551.125217523251
1,Normandie,1.10796830566209,5.59634391128262,4204.46119921719,424.888200229123
2,Normandie,1.14300071700388,4.49150698177822,4408.31047727796,53.9407881938004
3,Normandie,1.14239562048983,4.96238391264006,4583.37365405259,24.0981010370099
4,Normandie,1.04464285729419,6.27137249169504,5961.22283474119,52.8501349812496
5,Normandie,1.17181013270531,4.896475428538,4060.98838843212,126.584507879293
6,Normandie,1.08267403062767,4.24942897613571,4452.50052090709,171.113368411709
7,Normandie,1.09956933403014,5.74898705814237,5091.82305743697,4.75153638436494
8,Normandie,1.07210536987308,6.04862815860656,5568.93357990397,41.2198550379631
9,Normandie,1.05993809632762,5.62105477814126,4689.63035173902,538.445224335895
10,Normandie,1.18955199971977,4.37752269351788,3952.33290674721,155.649443708943
1,HDF,1.00603327810676,3.48263495181183,2950.08484023941,36.3871664101048
2,HDF,1.02044626907564,3.01441954972303,2559.08852842303,88.1464949846767
3,HDF,1.01630075552926,3.21706408779888,2414.0175495138,183.866097372512
4,HDF,1.05937814264615,3.21348344936585,1969.33586718115,245.500312859848
5,HDF,1.04642727437154,3.26693100232487,2223.00659217828,134.106279083111
6,HDF,1.06557703688798,3.006869396007,2161.7879457909,81.8373466985329
7,HDF,1.0567050928689,3.49683745579644,2364.01823331062,58.1678387801508
8,HDF,1.06260291883462,2.83155557835544,2414.72844432714,26.9072345715613
9,HDF,1.05845813437455,3.66739801763702,2258.46891258134,98.9564039540734
10,HDF,1.0497070520847,3.07284926557613,2381.5917527384,84.5172744895617
1,GrandEst,1.04749661172449,2.48227872272331,494.472825642192,1748.69913835199
2,GrandEst,1.03248127112158,2.82458100362333,735.852996565855,1740.0869868919
3,GrandEst,1.04589671968899,2.64265829729044,393.809542082003,1809.79098129812
4,GrandEst,1.03728501033019,2.74069872904813,391.664958843205,1852.47626761886
5,GrandEst,1.04283414809349,2.59139012516271,549.819134394374,1650.03969850165
6,GrandEst,1.02128472982559,2.8321876612606,500.376806309814,1878.16814052043
7,GrandEst,1.04030588689343,2.88496352199012,460.182123619893,1829.61938698245
8,GrandEst,1.04567079445829,2.85276481314584,370.839613141932,1850.86969312666
9,GrandEst,1.0359572975101,2.68142224363561,560.126677689682,1791.80841339643
10,GrandEst,1.02522180356833,2.91250194324404,423.058035775877,1936.77614478539
1,PaysLoire,0.854046023098191,0.0479932267351358,934.807242366587,2765.42075202476
2,PaysLoire,0.969997376909945,0.0358564931339984,1688.36474966016,1338.18415737633
3,PaysLoire,0.982915601383989,0.0388814955775686,3260.64447046237,305.031624304947
4,PaysLoire,0.937691161399427,0.0332538710887638,3230.75291347585,590.372186412477
5,PaysLoire,0.907416269997842,0.346294999532794,1116.08399011891,2281.91407826276
6,PaysLoire,0.906432778248345,0.0488123705821492,2020.96081349577,1676.33322360126
7,PaysLoire,1.00799772297663,0.0423153487986562,2790.64360527928,357.475767283244
8,PaysLoire,0.926428202280826,0.055577862866585,3161.98150396421,814.987821559512
9,PaysLoire,0.954714971179466,0.0787386046133612,2134.30754954509,1323.22435636796
10,PaysLoire,0.941009944380653,0.256036285722584,1684.3028345437,1699.26082619429
1,Bretagne,0.884982332507517,3.64588822429094,1512.26842240357,210.707097647873
2,Bretagne,0.929086355691401,3.74950456260494,1185.10129600914,128.402919359291
3,Bretagne,0.948922240755467,4.53562846534313,1502.73097699705,15.0846845791149
4,Bretagne,0.968531014903923,3.21152202925295,1103.36279626186,100.324553932696
5,Bretagne,0.957660136270091,3.37008348583819,1282.99417572366,94.9107703519618
6,Bretagne,0.92763851457203,3.75134799548218,1213.80787743907,207.17842764226
7,Bretagne,1.00111956379217,4.93266192342633,1099.54508024778,66.9181187990161
8,Bretagne,0.876628224742088,4.29275820847581,1731.85281496412,69.8232688101243
9,Bretagne,0.940968625879967,2.87392696551865,1283.47164623007,107.370478456945
10,Bretagne,0.924124784583806,3.51776044697085,1484.38912333565,13.6921772713631
1,Occitanie,1.08188745385274,0.485644486474461,376.280871954729,643.881687728203
2,Occitanie,1.06538427932572,0.482246616894437,631.98338464241,559.449559803648
3,Occitanie,1.08973689532925,0.631266756050111,367.200715048533,662.380788169681
4,Occitanie,1.06605151048287,0.69926545825889,291.2345241992,765.683169408327
5,Occitanie,1.06277996922753,0.391208771000803,453.381788510459,699.04347700019
6,Occitanie,1.10459867983783,0.614997680309057,430.823541699112,567.693807417473
7,Occitanie,1.06027242467874,0.692897366028007,453.324026586989,703.796416973559
8,Occitanie,1.10526515482425,0.542568232991351,294.887285438058,662.320645123241
9,Occitanie,1.08483684631543,0.663331515101812,416.822076725727,666.382427065169
10,Occitanie,1.11012537105518,0.385143275686154,437.075382818557,503.090810700351
1,PACA,1.08957540287558,0.85102360334711,363.11992211051,808.351702009585
2,PACA,1.12064873199951,0.721636107402802,186.320253284177,796.790943694906
3,PACA,1.09331677101867,0.908426304218783,161.866270576196,899.812811920293
4,PACA,1.09907895072438,0.692484717132166,51.14390232943,938.355018901628
5,PACA,1.08413374501121,0.682885213583593,97.4294643671687,967.808494851377
6,PACA,1.13882129455044,0.601120208806405,33.9253261675503,815.185203444357
7,PACA,1.07576388791254,0.883984508616188,285.927347083566,893.030166222015
8,PACA,1.08867874577465,0.929391499861189,236.982699148735,881.823084143592
9,PACA,1.10316561745935,0.895078593434223,184.559981314566,886.769500927109
10,PACA,1.12002716022103,0.523034203699745,129.985968026148,812.627316988474
1,Corse,0.48182711503067,0.0144815571615245,568.174739982082,270.547345149772
2,Corse,0.501228389501668,0.0238601871244195,849.589184528702,22.6566807023226
3,Corse,0.469375908621793,0.0470422738844137,719.519714919408,138.038652859753
4,Corse,0.503691782499735,0.0817833285590004,576.201593413308,248.062028165867
5,Corse,0.470228696469605,0.0377902833479275,770.121107074419,134.880553453311
6,Corse,0.434085563121256,0.0332364362770737,673.262712405659,284.793876513317
7,Corse,0.50591610574193,0.06437282045671,619.589289227194,251.096814838548
8,Corse,0.391402901314703,0.0254850507699348,635.475020699944,436.884136536722
9,Corse,0.469991188657962,0.0644783394085803,725.711434993274,176.4068634768
10,Corse,0.498794400351773,0.026653785808424,748.52873756094,82.4545302137525
