rep,id,eta_b,eta_Dq,eta_E0,eta_A0
1,IDF,0.129265014020922,0.66619856425047,-0.547066334801841,1.45395561412285
2,IDF,0.132252753555298,0.496502516810374,-1.12836694345193,1.4695170081319
3,IDF,0.143234704802185,0.54946449848561,-1.11139143314754,1.43263818064923
4,IDF,0.138145411180384,0.612141316302684,-0.8457184828756,1.45179207811226
5,IDF,0.135867928778029,0.449353236493041,-0.488853719438225,1.38953775356557
6,IDF,0.138009857186037,0.637935924075746,-1.19944352423456,1.4517624120605
7,IDF,0.136638320553099,0.594728413779316,-0.671549407797344,1.42418230258732
8,IDF,0.141723241943621,0.542582075975597,-0.911806748209377,1.39532456574593
9,IDF,0.137741009594913,0.484004679528707,-0.937431965772203,1.42719923976465
10,IDF,0.135987250599141,0.563583831267398,-0.478660750643661,1.38666461754034
1,NAquitaine,0.163824559145775,-0.0757297615144601,-0.83589834598982,0.354979392975854
2,NAquitaine,0.144674178620538,0.0226192570772629,-0.796237451743098,0.535125483513856
3,NAquitaine,0.0863044981821195,0.0456082454934434,-0.37048624800543,0.66713962911433
4,NAquitaine,0.11650247144955,-0.287006333781874,-1.10891714237405,0.687913483586497
5,NAquitaine,0.157712004833029,-0.237121831614315,-0.4809525634478,0.387960625439987
6,NAquitaine,0.138902709026717,-0.0527674164132152,-1.09845856570258,0.602960276389908
7,NAquitaine,0.137598892209611,0.0899580569377176,-0.969364900628925,0.583798753138879
8,NAquitaine,0.171138166376481,-0.604352571427891,-1.29068524356213,0.413983671871224
9,NAquitaine,0.150354823688499,-0.213200397189377,-0.295375284214353,0.292038259453079
10,NAquitaine,0.153770512222973,-0.752301647040791,-0.618439959489218,0.34289698090311
1,AURA,0.0584816796853123,0.321960070582973,0.20603843544623,0.47025485443092
2,AURA,0.0420273697831293,0.460197383097863,0.0760842697486372,0.644837982311377
3,AURA,0.0540936037676231,0.475709044043042,-0.515146317169,0.777483164717251
4,AURA,0.0136568174230108,0.607992239376996,0.0157888945329277,0.868604548274499
5,AURA,0.0328846664090147,0.368330310892566,-0.0869587300443652,0.764436342511814
6,AURA,0.0187743838089773,0.604487555191465,0.142670584259926,0.840616072857343
7,AURA,0.0103674913354537,0.468140743158694,0.121325622797945,0.890342988840407
8,AURA,0.0272429170185643,0.542904233702385,-0.562174470210204,0.974842738724544
9,AURA,0.0306266892714123,0.531240554763807,0.0804612925672943,0.715533295286184
10,AURA,0.0393924886504407,0.293444339232778,0.474804837565622,0.420247177410423
1,Centre,0.334026194151803,1.42782431607031,-0.45504571940579,-1.6229625725425
2,Centre,0.272098542144785,1.45645273282839,-0.0338004388641845,-3.39496952017025
3,Centre,0.276095105923624,1.5345043609144,-0.231729907573229,-2.58916548237879
4,Centre,0.310381771349731,1.40440657544613,-0.677698843987453,-1.41694146648087
5,Centre,0.30513131400217,1.84214595690907,-0.40581928533917,-1.79329670126541
6,Centre,0.33139210921201,0.950357166030373,-0.279423098623031,-4.59311614419702
7,Centre,0.285740196538636,1.66447607031375,-0.21401914477373,-1.77485166565221
8,Centre,0.304851369020535,1.29891408811171,-0.435387714379562,-1.90168878418052
9,Centre,0.292517749563796,1.56265644115574,-0.232200629630206,-3.36268371754289
10,Centre,0.325057731847593,1.68211621945813,-0.63629445387842,-1.51602151019547
1,BFC,-0.0732997578144888,0.0073967470367599,-0.694196818286944,0.574524098377887
2,BFC,-0.0439216981639228,0.0860954648251427,-0.495856750567468,0.451713241430252
3,BFC,-0.0283189728976614,0.0920349597812101,-0.214259710041698,0.217033518468774
4,BFC,-0.0346573570527192,-0.199075064326872,-0.925834642471869,0.460862400131705
5,BFC,-0.0434539855638653,0.0187113672238573,-0.310933144262026,0.312500157199
6,BFC,-0.0673786487895601,0.100029639590815,-1.04726393543727,0.652361821509344
7,BFC,-0.0194912080201059,-0.165253165345503,-0.675677863620197,0.352824372206727
8,BFC,-0.0172098376296524,0.00397258303674899,-0.710904422055456,0.380851015435588
9,BFC,-0.0542574371592058,0.0624474472610805,-0.678106300590962,0.561531975192253
10,BFC,-0.0591074911060325,0.00148554786959773,-0.252407023311521,0.375946850911689
1,Normandie,0.0875966613555584,1.71427404197539,1.89924235735357,0.115810888578261
2,Normandie,0.118725690550173,1.49434880656227,1.94658770982373,-1.9481282574335
3,Normandie,0.118196157428707,1.59404678325472,1.985531538153,-2.75388214520855
4,Normandie,0.0287437420852351,1.828155759321,2.24837183914571,-1.9685549210984
5,Normandie,0.143618353657489,1.58067617643154,1.86452259491163,-1.09510505585536
6,Normandie,0.0645026137340255,1.43894514578701,1.9565620586731,-0.793688877454906
7,Normandie,0.0799872670621616,1.74118420592318,2.09073213646214,-4.37754717236776
8,Normandie,0.0546930290479598,1.7919920261213,2.18029978328125,-2.21709512878857
9,Normandie,0.0432791851654352,1.71867985967255,2.00844996859107,0.352670584999182
10,Normandie,0.158645443854493,1.46864349972578,1.83740221937447,-0.888408864561478
1,HDF,-0.00891617080287434,1.23994970777253,1.54493013484076,-2.34179904613193
2,HDF,0.00530872875210064,1.095567821257,1.40274735700754,-1.45701504134604
3,HDF,0.00123800301066711,1.160629700096,1.34438859803803,-0.72180742644321
4,HDF,0.0427507565296341,1.1595160659047,1.14079256815216,-0.432716965843879
5,HDF,0.0304504447763341,1.1760115432476,1.26195680591937,-1.03738257437842
6,HDF,0.0485851495425212,1.09306000017713,1.23403183747812,-1.5312814869327
7,HDF,0.0402243424886578,1.24401950639296,1.32345901791984,-1.87268258373634
8,HDF,0.0457901603485831,1.032986765404,1.34468304086827,-2.64361999382607
9,HDF,0.0418819374056456,1.29164295403035,1.27778331688638,-1.34133579841026
10,HDF,0.0335798056653902,1.11476576115113,1.33086527330486,-1.49905924215693
1,GrandEst,0.0314718166160824,0.901337508543696,-0.24116687713079,1.53061225352733
2,GrandEst,0.0170335847766847,1.03052056673074,0.15637129237002,1.52567519596976
3,GrandEst,0.0299433008584415,0.963945871769214,-0.468791676789149,1.56495145018992
4,GrandEst,0.0216754111287648,1.00037342892572,-0.474252295982434,1.58826335863038
5,GrandEst,0.0270108275202781,0.944354990020526,-0.135069695893801,1.47253943884733
6,GrandEst,0.00613005222472105,1.03320996863941,-0.229297646264334,1.60203699999817
7,GrandEst,0.0245834703585106,1.05167278628981,-0.313036741442799,1.5758480514922
8,GrandEst,0.0297272664918325,1.04044916433772,-0.528889413938527,1.58739572454487
9,GrandEst,0.0203946028058981,0.978507872115375,-0.116496105175069,1.55496548819635
10,GrandEst,0.00997766134354196,1.06117301653376,-0.397149703431802,1.63276490127338
1,PaysLoire,-0.172701516992254,-3.04453485728192,0.395681276655771,1.98893288563801
2,PaysLoire,-0.0453932332672043,-3.33607007840489,0.986856662252274,1.26305368006651
3,PaysLoire,-0.0321633422887891,-3.25507630319456,1.64502107166573,-0.215599729977743
4,PaysLoire,-0.079265957993036,-3.41142356450086,1.63581141571765,0.444737974985758
5,PaysLoire,-0.112085303127234,-1.06830373694149,0.57292232658979,1.79675469031289
6,PaysLoire,-0.113169728368495,-3.02761097227785,1.16666925407221,1.48834889458843
7,PaysLoire,-0.00696541086741945,-3.17044487255203,1.48936845762526,-0.056947611442293
8,PaysLoire,-0.09135005131253,-2.89780977645596,1.61429509479588,0.76715798280161
9,PaysLoire,-0.0612737641095357,-2.54946118463542,1.22123846680695,1.25181154381465
10,PaysLoire,-0.0757328931289626,-1.37027557300914,0.984447935641088,1.501933439911
1,Bretagne,-0.137118919004106,1.28576054914171,0.876706995545178,-0.585546181176643
2,Bretagne,-0.0884849105163454,1.31378424504937,0.632924458297371,-1.08084206001537
3,Bretagne,-0.0673597433785732,1.50412418551158,0.870380309562225,-3.22233522463486
4,Bretagne,-0.0469060945612583,1.15890550761635,0.561458809424316,-1.32760471753555
5,Bretagne,-0.0581936493270577,1.20709804773708,0.712292751546319,-1.38307799668889
6,Bretagne,-0.0900444753565837,1.31427577128591,0.656858629796669,-0.602434796186372
7,Bretagne,-0.0138123840142931,1.58803931667112,0.557992736351668,-1.73254542292457
8,Bretagne,-0.14660361510625,1.44908999581573,1.01228803221578,-1.69004786919906
9,Bretagne,-0.0757768027688976,1.04783990563098,0.712664835606695,-1.25972991786861
10,Bretagne,-0.0938394897700628,1.24998508090348,0.858099528363221,-3.31919051979582
1,Occitanie,0.0637758366799236,-0.730117901643028,-0.514323209078796,0.531499807063139
2,Occitanie,0.0484042381751293,-0.737139112039589,0.00420403019575327,0.390938183959884
3,Occitanie,0.0710049651099397,-0.46786622407315,-0.538750467438379,0.559825411827578
4,Occitanie,0.0490303242924181,-0.36556430979755,-0.770530205811331,0.704753279761256
5,Occitanie,0.0459567659934397,-0.946353389880207,-0.327924502712574,0.613697751699478
6,Occitanie,0.0845507617724202,-0.493976252604016,-0.378960483223955,0.405567014465954
7,Occitanie,0.0435945579556189,-0.374712861296043,-0.328051913219017,0.620473946446191
8,Occitanie,0.0851539437388149,-0.619280895943373,-0.758065873416156,0.559734609409809
9,Occitanie,0.0664982820636128,-0.4183198605541,-0.411999617254061,0.565848533098867
10,Occitanie,0.0895416342804916,-0.961979338849725,-0.364553392534733,0.284755504520521
1,PACA,0.0708567601426163,-0.169154884346435,-0.54992592983525,0.758982051125014
2,PACA,0.0989764210582264,-0.334073743076614,-1.21719208850346,0.74457715290521
3,PACA,0.0742846635923845,-0.103880982088346,-1.35788856942548,0.866171567480996
4,PACA,0.0795411899726274,-0.375308579853487,-2.51001579973722,0.908113174912772
5,PACA,0.0658499548510037,-0.389267965204541,-1.86553039967768,0.939019044351296
6,PACA,0.115062453798117,-0.516799819360364,-2.92049725343662,0.767400143459139
7,PACA,0.0580996810724006,-0.131155210253967,-0.788921326110623,0.858605173613838
8,PACA,0.0700334795790279,-0.0810646777739171,-0.97667193438463,0.845976263559907
9,PACA,0.0832525592591378,-0.1186832202358,-1.2266845608604,0.851569897416028
10,PACA,0.0984216136480317,-0.655947887578239,-1.57723256711332,0.764257412304197
1,Corse,-0.745101233344764,-4.24271882859322,-0.1022300612598,-0.335568076204845
2,Corse,-0.705624736066678,-3.7433834893099,0.300093846849394,-2.81556042527218
3,Corse,-0.771282642215824,-3.06454810674662,0.133924853330163,-1.00848144833079
4,Corse,-0.700722062200796,-2.51152133305825,-0.0882014854537949,-0.422336358991999
5,Corse,-0.769467435952783,-3.28354273325444,0.201888710912311,-1.03162558990918
6,Corse,-0.849444935826559,-3.41194799618964,0.0674765401779768,-0.284249509155778
7,Corse,-0.696315743932113,-2.75090324712064,-0.0156022516820963,-0.410176606205298
8,Corse,-0.952949132950997,-3.67750271260852,0.00971370984386291,0.143652838702328
9,Corse,-0.769972653552309,-2.7492654042705,0.142493389867882,-0.763222136041427
10,Corse,-0.710492613040987,-3.63266355142418,0.17345052317491,-1.52376819497781
