rep,id,eta_b1,eta_Dq,eta_E0,eta_betat1
1,IDF,0.103292189014031,0.388895785179752,0.89208690753598,0
2,IDF,0.0980243178802926,0.404919293226655,0.902490803464645,0
3,IDF,0.0872629815554994,0.423771489002231,1.01623789195014,0
4,IDF,0.106577568746062,0.368727784915966,0.857669671498675,0
5,IDF,0.110736971335008,0.39411280952286,0.833242782064831,0
6,IDF,0.0892540726855971,0.345122604429664,0.98328523272839,0
7,IDF,0.100393126548604,0.320844571963497,0.90015628830615,0
8,IDF,0.110500434160346,0.402533114362318,0.845703938979173,0
9,IDF,0.0993900980665103,0.474091668691396,0.928934934244821,0
10,IDF,0.0943798294203965,0.431128316667713,0.948211295527543,0
1,NAquitaine,0.191137693579526,-0.927057896767468,-1.01305068795421,0
2,NAquitaine,0.183006912922426,-0.6068570853565,-0.883734715876152,0
3,NAquitaine,0.236661451483487,-0.838060757393196,-1.41972773668208,0
4,NAquitaine,0.183180085346412,-0.771283353372084,-0.968676112178038,0
5,NAquitaine,0.184161244005174,-0.820100772612347,-0.981273624436995,0
6,NAquitaine,0.158660401024957,-0.769101817300577,-0.671495374539127,0
7,NAquitaine,0.190453183957863,-0.893660404778372,-0.962658084551879,0
8,NAquitaine,0.177836227847327,-0.683630622811925,-0.76392763717754,0
9,NAquitaine,0.212008508573705,-0.954350876750375,-1.06492437986006,0
10,NAquitaine,0.166371666552008,-1.14504846222914,-0.77957657418616,0
1,AURA,-0.0365817107851264,-0.0569291217332964,-0.325399803702469,0
2,AURA,-0.0290518859227097,-0.338230155007343,-0.523451099691727,0
3,AURA,-0.0167111974802988,-0.109613572428157,-0.836086080523524,0
4,AURA,-0.0266100086902745,-0.23075987085467,-0.699366487883969,0
5,AURA,-0.0287051220016462,-0.33483833765756,-0.575551017781583,0
6,AURA,-0.0298250157941984,-0.144361930293677,-0.543723868044993,0
7,AURA,-0.0326886026411639,-0.217795850748741,-0.327367793454086,0
8,AURA,-0.0363154347781412,-0.175386404253824,-0.310217881242675,0
9,AURA,-0.0310889652930159,-0.0667689603298818,-0.363748139629893,0
10,AURA,-0.0444287763743778,-0.233827304184006,-0.365813735940536,0
1,Centre,0.118482219988693,1.42090496447364,-0.441346978832504,0
2,Centre,0.169748310119768,1.57632326842498,-1.00066501584339,0
3,Centre,0.177967914953669,1.36785449084713,-0.84788501831547,0
4,Centre,0.210625750679979,1.65287676087213,-0.997388684771163,0
5,Centre,0.193442615342144,1.46682909303502,-1.15983751834206,0
6,Centre,0.177444971845088,1.32482554834775,-0.882344796857566,0
7,Centre,0.153559143621424,1.44607362431826,-0.940016720470097,0
8,Centre,0.129976254668783,1.45752319429569,-0.662809930507735,0
9,Centre,0.19979666416273,1.23019985430942,-1.94041488031673,0
10,Centre,0.210780415499959,1.59895646878933,-1.34968014458657,0
1,BFC,-0.0954357472736717,-0.323029125196351,-0.0629794505425304,0
2,BFC,-0.0908344231535274,-0.180352203977766,-0.0353551261312695,0
3,BFC,-0.0931964176744394,-0.378253436592566,-0.085352926363415,0
4,BFC,-0.072048295740591,-0.341310836132623,-0.143909986843831,0
5,BFC,-0.103916868830755,-0.083510447236616,-0.0442259508701379,0
6,BFC,-0.0999315440057608,-0.222841202105837,-0.00403636299495171,0
7,BFC,-0.0751303852267497,-0.887576961134499,-0.162081639511579,0
8,BFC,-0.0687562457585508,-0.379287992874139,-0.116594140465224,0
9,BFC,-0.0590382515587022,-0.435313140167028,-0.194261316020129,0
10,BFC,-0.0728898717446427,-0.296593140553539,-0.111696334715621,0
1,Normandie,-0.102539447331511,1.36860056021317,0.975241033028846,0
2,Normandie,-0.038921138383026,1.16238421478325,0.576458846101444,0
3,Normandie,-0.0702510106632597,1.15665343990915,0.814085385024823,0
4,Normandie,-0.0786680112416351,1.45756429506197,0.817493160792444,0
5,Normandie,-0.0778546789408709,1.4152945962635,0.831973950006448,0
6,Normandie,-0.0790769254053068,1.24048998717249,0.787366018736341,0
7,Normandie,-0.067320499169308,1.37029888250543,0.732536337391041,0
8,Normandie,-0.0952184831804633,1.22572601822226,0.792813962191593,0
9,Normandie,-0.132680763772557,1.40714093483636,1.10092447414339,0
10,Normandie,-0.0831073964537831,1.4123981756119,0.837667700268329,0
1,HDF,-0.169749710881207,0.862087619793991,0.517015224251068,0
2,HDF,-0.142323619045069,0.967911729778492,0.336669854625406,0
3,HDF,-0.141329669377077,0.842786113381956,0.209298597539954,0
4,HDF,-0.129857368794904,0.721138870233604,-0.0439522427092224,0
5,HDF,-0.145603894609709,0.872043232504198,0.430915346190913,0
6,HDF,-0.146001044697932,0.831697669251209,0.245316582426164,0
7,HDF,-0.118894395871176,0.903578142473677,-0.0744484632344855,0
8,HDF,-0.133143714006672,0.869693019184151,0.183071166169713,0
9,HDF,-0.144342195772021,0.745222075647487,0.371588440053443,0
10,HDF,-0.160038048384966,0.796000795258139,0.564601417570216,0
1,GrandEst,0.0114411898543962,0.642893458615533,1.08448611726425,0
2,GrandEst,0.00336470547541179,0.614610594784359,1.10712541049547,0
3,GrandEst,0.0218783186818575,0.639497687133406,1.01672219071828,0
4,GrandEst,0.0216379152661166,0.623285972027114,1.02990657718911,0
5,GrandEst,0.00382990024153158,0.645681803587252,1.11191133578698,0
6,GrandEst,0.0231018904420507,0.592226992200978,1.03879198229481,0
7,GrandEst,0.00478411164208271,0.714368431862846,1.10744774948635,0
8,GrandEst,0.0235264892987273,0.632534190063716,1.02660569251315,0
9,GrandEst,0.0173029550280072,0.715281576504465,1.06714189877079,0
10,GrandEst,0.0197894440454525,0.654988566767525,1.0361869894266,0
1,PaysLoire,-0.0423097296999675,-3.40497877509336,0.322261773277902,0
2,PaysLoire,-0.029374046922326,-3.22147324264755,0.195063501121288,0
3,PaysLoire,-0.0364892211026558,-2.38239215255142,0.257463244189414,0
4,PaysLoire,-0.0224800125510007,-3.24753777937013,0.0916522681158484,0
5,PaysLoire,0.0606870889455523,-3.98829100736113,-0.666041500799713,0
6,PaysLoire,-0.0109339782939726,-3.411471530319,0.0669217804609465,0
7,PaysLoire,0.0199494174004505,-3.87150754366248,-0.0648211127318573,0
8,PaysLoire,-0.00307095581390691,-3.0710055096883,0.0653215474237689,0
9,PaysLoire,0.0220586413273906,-3.98076668906483,-0.143778267521005,0
10,PaysLoire,0.0656762690580988,-3.42491159731516,-0.888051154034346,0
1,Bretagne,-0.184888835615617,0.233380661858103,-0.20412094696649,0
2,Bretagne,-0.148850024428973,0.497690825861704,-0.405966686170462,0
3,Bretagne,-0.19837442852186,0.654073839034971,-0.0499090510825642,0
4,Bretagne,-0.213707839062476,0.425783578030793,0.263476616810129,0
5,Bretagne,-0.165020204436443,0.647632662202991,-0.270255822757154,0
6,Bretagne,-0.152447536795855,0.830845011305355,-0.213752061844411,0
7,Bretagne,-0.15540395318877,0.541289113855599,-0.357405680794273,0
8,Bretagne,-0.180971013285658,0.360257982633394,-0.0533288083929754,0
9,Bretagne,-0.177256118696555,0.822101027140796,0.074583053181062,0
10,Bretagne,-0.200943250817939,0.673434491528611,0.117670075018836,0
1,Occitanie,-0.0499485947638227,0.152141126471847,0.223328346398524,0
2,Occitanie,-0.00325391990563108,-0.0117675005338993,-0.0124290464544859,0
3,Occitanie,-0.00400419735580789,-0.17202219557854,-0.00749342278237636,0
4,Occitanie,-0.0192257156937194,-0.172905261396003,0.107217797342197,0
5,Occitanie,-0.0241901126170623,-0.151736957912202,0.17173029758715,0
6,Occitanie,-0.0162486127383434,-0.0319336124051756,0.0328881899083157,0
7,Occitanie,-0.0154071133470878,-0.220919264178652,0.023125366732276,0
8,Occitanie,-0.0599877175914058,-0.157788045948364,0.276689542681158,0
9,Occitanie,-0.0150919693629143,-0.155152861333293,0.0213285015149363,0
10,Occitanie,-0.0418665852859487,-0.109952557035996,0.237361093580313,0
1,PACA,0.00314543129922706,-0.0564422887800439,-0.0651061976773513,0
2,PACA,0.0287705069630558,0.0490595763089607,-0.253948421776419,0
3,PACA,0.0470006168672516,-0.1228801905045,-0.322405507100107,0
4,PACA,0.0184741739350597,-0.223007048016883,-0.193975020913052,0
5,PACA,0.0295331092027818,-0.171568925520047,-0.293612251125744,0
6,PACA,0.0123886610244992,-0.169920654744557,-0.11426285827244,0
7,PACA,0.0357750400038951,-0.288017850590874,-0.260566298144237,0
8,PACA,0.0198621102258928,-0.23990278438075,-0.17243476845873,0
9,PACA,0.0238575690311019,-0.0832848418532911,-0.130397986101808,0
10,PACA,0.0330230942546974,-0.212806252856885,-0.206370106012089,0
